[48;2;0;0;0;38;2;0;0;0m▄[48;2;0;0;0;38;2;0;0;0m▄[48;2;0;0;0;38;2;0;0;0m▄[48;2;0;0;0;38;2;0;0;0m▄[48;2;0;0;0;38;2;0;0;0m▄[48;2;234;133;13;38;2;0;0;0m▄[48;2;0;0;0;38;2;10;230;141m▄[48;2;94;37;250;38;2;37;94;250m▄[48;2;8;226;148;38;2;117;242;22m▄[48;2;142;10;229;38;2;253;83;45m▄[48;2;1;205;175;38;2;0;0;0m▄[48;2;0;0;0;38;2;0;0;0m▄[48;2;0;0;0;38;2;0;0;0m▄[48;2;0;0;0;38;2;0;0;0m▄[48;2;0;0;0;38;2;0;0;0m▄[48;2;172;208;1;38;2;251;38;92m▄[48;2;116;23;243;38;2;138;12;232m▄[48;2;187;0;195;38;2;202;0;179m▄[48;2;184;0;197;38;2;200;0;181m▄[48;2;94;37;250;38;2;97;35;249m▄[48;2;0;0;0;38;2;19;240;122m▄[48;2;0;0;0;38;2;0;0;0m▄[48;2;0;0;0;38;2;0;0;0m▄[48;2;249;98;34;38;2;219;5;157m▄[48;2;0;0;0;38;2;0;0;0m▄[48;2;0;0;0;38;2;0;0;0m▄[48;2;0;0;0;38;2;0;0;0m▄[48;2;0;0;0;38;2;0;0;0m▄[48;2;0;0;0;38;2;0;0;0m▄[48;2;0;0;0;38;2;0;0;0m▄[48;2;0;0;0;38;2;0;0;0m▄[48;2;0;0;0;38;2;0;0;0m▄[48;2;0;0;0;38;2;0;0;0m▄[48;2;214;3;164;38;2;16;128;237m▄[48;2;0;0;0;38;2;0;0;0m▄[48;2;0;0;0;38;2;0;0;0m▄[48;2;12;137;232;38;2;0;194;188m▄[48;2;0;0;0;38;2;0;0;0m▄[48;2;0;0;0;38;2;0;0;0m▄[48;2;0;0;0;38;2;0;0;0m▄[48;2;0;0;0;38;2;152;6;223m▄[48;2;0;0;0;38;2;0;0;0m▄[48;2;0;0;0;38;2;0;0;0m▄[48;2;54;73;254;38;2;40;90;251m▄[48;2;116;23;243;38;2;80;48;253m▄[48;2;10;229;143;38;2;0;0;0m▄[48;2;67;60;254;38;2;0;0;0m▄[48;2;77;254;50;38;2;88;252;41m▄[48;2;0;0;0;38;2;203;178;0m▄[48;2;0;0;0;38;2;0;0;0m▄[48;2;13;134;233;38;2;0;0;0m▄[48;2;0;0;0;38;2;0;0;0m▄[48;2;23;243;115;38;2;127;237;17m▄[48;2;91;39;251;38;2;37;93;250m▄[48;2;186;0;196;38;2;183;0;198m▄[48;2;227;8;146;38;2;226;8;148m▄[48;2;242;22;116;38;2;242;21;118m▄[48;2;251;38;92;38;2;250;37;94m▄[48;2;254;64;63;38;2;254;63;63m▄[48;2;251;90;40;38;2;251;89;40m▄[48;2;244;111;25;38;2;243;115;23m▄[48;2;234;134;13;38;2;231;139;11m▄[48;2;224;150;7;38;2;221;155;5m▄[48;2;216;162;3;38;2;212;166;2m▄[48;2;212;167;2;38;2;208;171;1m▄[48;2;212;166;2;38;2;209;170;1m▄[48;2;217;160;4;38;2;214;164;3m▄[48;2;234;133;14;38;2;231;139;11m▄[48;2;246;106;29;38;2;243;114;23m▄[48;2;254;76;51;38;2;252;84;44m▄[48;2;252;42;87;38;2;253;49;79m▄[48;2;220;5;156;38;2;221;5;154m▄[48;2;33;99;249;38;2;12;137;232m▄[48;2;0;0;0;38;2;0;0;0m▄[48;2;0;0;0;38;2;0;0;0m▄[48;2;7;150;224;38;2;106;28;246m▄[48;2;0;0;0;38;2;198;0;184m▄[48;2;0;0;0;38;2;0;0;0m▄[48;2;0;0;0;38;2;0;0;0m▄[48;2;125;18;239;38;2;0;0;0m▄[0m
[48;2;0;0;0;38;2;0;0;0m▄[48;2;0;0;0;38;2;0;0;0m▄[48;2;0;0;0;38;2;0;0;0m▄[48;2;0;0;0;38;2;0;0;0m▄[48;2;0;0;0;38;2;0;0;0m▄[48;2;0;0;0;38;2;0;0;0m▄[48;2;37;94;250;38;2;0;201;180m▄[48;2;47;81;253;38;2;41;88;252m▄[48;2;158;218;4;38;2;254;61;66m▄[48;2;0;0;0;38;2;0;0;0m▄[48;2;0;0;0;38;2;0;0;0m▄[48;2;0;0;0;38;2;0;0;0m▄[48;2;0;0;0;38;2;0;0;0m▄[48;2;0;0;0;38;2;0;0;0m▄[48;2;0;0;0;38;2;0;0;0m▄[48;2;0;0;0;38;2;92;39;251m▄[48;2;156;5;220;38;2;171;1;209m▄[48;2;216;3;162;38;2;225;7;149m▄[48;2;214;3;164;38;2;224;7;150m▄[48;2;94;37;250;38;2;81;47;253m▄[48;2;237;127;17;38;2;0;0;0m▄[48;2;0;0;0;38;2;0;0;0m▄[48;2;0;0;0;38;2;0;0;0m▄[48;2;41;89;251;38;2;93;250;38m▄[48;2;0;0;0;38;2;0;0;0m▄[48;2;0;0;0;38;2;0;0;0m▄[48;2;0;0;0;38;2;0;0;0m▄[48;2;0;0;0;38;2;0;0;0m▄[48;2;0;0;0;38;2;0;0;0m▄[48;2;0;0;0;38;2;0;0;0m▄[48;2;0;0;0;38;2;0;0;0m▄[48;2;0;0;0;38;2;0;0;0m▄[48;2;0;0;0;38;2;0;0;0m▄[48;2;0;0;0;38;2;0;0;0m▄[48;2;0;187;194;38;2;0;0;0m▄[48;2;0;0;0;38;2;0;0;0m▄[48;2;33;248;100;38;2;151;223;6m▄[48;2;0;0;0;38;2;0;0;0m▄[48;2;0;0;0;38;2;0;0;0m▄[48;2;0;0;0;38;2;0;0;0m▄[48;2;254;72;55;38;2;1;206;174m▄[48;2;26;111;245;38;2;0;0;0m▄[48;2;0;0;0;38;2;249;99;33m▄[48;2;23;116;243;38;2;8;147;226m▄[48;2;48;80;253;38;2;14;132;235m▄[48;2;0;0;0;38;2;0;0;0m▄[48;2;0;0;0;38;2;0;0;0m▄[48;2;0;0;0;38;2;0;0;0m▄[48;2;0;0;0;38;2;0;0;0m▄[48;2;0;0;0;38;2;79;253;48m▄[48;2;132;14;235;38;2;0;0;0m▄[48;2;0;0;0;38;2;0;0;0m▄[48;2;249;33;99;38;2;0;0;0m▄[48;2;37;250;94;38;2;0;0;0m▄[48;2;179;0;202;38;2;163;3;215m▄[48;2;224;7;150;38;2;222;6;154m▄[48;2;240;20;121;38;2;239;18;125m▄[48;2;250;35;96;38;2;249;33;99m▄[48;2;254;62;65;38;2;254;60;67m▄[48;2;251;89;41;38;2;252;87;42m▄[48;2;242;117;22;38;2;241;120;20m▄[48;2;229;143;10;38;2;226;147;8m▄[48;2;217;160;4;38;2;215;162;3m▄[48;2;209;171;1;38;2;205;176;1m▄[48;2;205;176;1;38;2;201;180;0m▄[48;2;206;175;1;38;2;202;179;0m▄[48;2;211;168;2;38;2;208;172;1m▄[48;2;228;144;9;38;2;225;149;7m▄[48;2;241;120;20;38;2;239;125;18m▄[48;2;251;91;39;38;2;249;98;34m▄[48;2;254;54;73;38;2;254;65;62m▄[48;2;221;5;154;38;2;221;5;155m▄[48;2;81;47;253;38;2;0;0;0m▄[48;2;0;0;0;38;2;0;0;0m▄[48;2;0;0;0;38;2;0;0;0m▄[48;2;151;223;7;38;2;219;157;5m▄[48;2;216;4;161;38;2;10;229;142m▄[48;2;0;0;0;38;2;0;0;0m▄[48;2;0;0;0;38;2;215;3;163m▄[48;2;0;0;0;38;2;0;0;0m▄[0m
[48;2;0;0;0;38;2;0;0;0m▄[48;2;0;0;0;38;2;0;0;0m▄[48;2;0;0;0;38;2;0;0;0m▄[48;2;0;0;0;38;2;0;0;0m▄[48;2;0;0;0;38;2;0;0;0m▄[48;2;0;0;0;38;2;0;0;0m▄[48;2;0;0;0;38;2;147;8;226m▄[48;2;0;199;182;38;2;0;0;0m▄[48;2;0;0;0;38;2;0;0;0m▄[48;2;74;254;53;38;2;29;247;106m▄[48;2;146;226;8;38;2;225;7;148m▄[48;2;250;95;36;38;2;0;0;0m▄[48;2;166;2;213;38;2;254;55;72m▄[48;2;234;133;14;38;2;254;76;51m▄[48;2;197;184;0;38;2;0;0;0m▄[48;2;251;91;39;38;2;0;200;181m▄[48;2;186;0;195;38;2;205;1;176m▄[48;2;235;15;131;38;2;246;28;107m▄[48;2;236;16;129;38;2;245;27;109m▄[48;2;0;0;0;38;2;73;54;254m▄[48;2;0;0;0;38;2;0;0;0m▄[48;2;0;0;0;38;2;0;0;0m▄[48;2;0;0;0;38;2;0;0;0m▄[48;2;251;40;90;38;2;228;9;144m▄[48;2;0;0;0;38;2;75;52;254m▄[48;2;0;0;0;38;2;0;0;0m▄[48;2;0;0;0;38;2;0;0;0m▄[48;2;0;0;0;38;2;0;0;0m▄[48;2;0;0;0;38;2;0;0;0m▄[48;2;139;11;231;38;2;0;0;0m▄[48;2;0;0;0;38;2;0;0;0m▄[48;2;0;0;0;38;2;0;0;0m▄[48;2;0;0;0;38;2;0;0;0m▄[48;2;0;0;0;38;2;0;0;0m▄[48;2;0;0;0;38;2;0;0;0m▄[48;2;0;0;0;38;2;0;0;0m▄[48;2;253;47;81;38;2;229;10;142m▄[48;2;226;8;148;38;2;9;227;145m▄[48;2;0;0;0;38;2;0;0;0m▄[48;2;0;0;0;38;2;0;0;0m▄[48;2;65;62;254;38;2;14;133;234m▄[48;2;0;0;0;38;2;0;0;0m▄[48;2;167;212;2;38;2;194;188;0m▄[48;2;0;189;193;38;2;0;0;0m▄[48;2;1;207;173;38;2;215;163;3m▄[48;2;0;0;0;38;2;0;0;0m▄[48;2;0;0;0;38;2;0;0;0m▄[48;2;180;201;0;38;2;0;0;0m▄[48;2;0;0;0;38;2;2;168;211m▄[48;2;18;124;239;38;2;0;0;0m▄[48;2;0;0;0;38;2;0;0;0m▄[48;2;0;0;0;38;2;0;0;0m▄[48;2;0;0;0;38;2;0;0;0m▄[48;2;0;0;0;38;2;4;161;216m▄[48;2;156;5;220;38;2;150;7;224m▄[48;2;219;4;158;38;2;209;1;171m▄[48;2;236;16;129;38;2;233;13;135m▄[48;2;247;30;103;38;2;246;27;108m▄[48;2;254;57;70;38;2;254;53;74m▄[48;2;252;85;44;38;2;253;82;46m▄[48;2;240;122;19;38;2;239;124;18m▄[48;2;224;151;7;38;2;221;154;6m▄[48;2;212;167;2;38;2;208;172;1m▄[48;2;201;180;0;38;2;196;185;0m▄[48;2;196;185;0;38;2;192;189;0m▄[48;2;198;183;0;38;2;194;187;0m▄[48;2;205;176;1;38;2;202;179;0m▄[48;2;215;163;3;38;2;213;166;2m▄[48;2;236;129;15;38;2;234;134;13m▄[48;2;248;103;31;38;2;246;107;28m▄[48;2;254;70;57;38;2;254;74;53m▄[48;2;222;6;153;38;2;226;8;147m▄[48;2;0;0;0;38;2;0;0;0m▄[48;2;0;0;0;38;2;0;0;0m▄[48;2;0;0;0;38;2;0;0;0m▄[48;2;156;5;220;38;2;0;0;0m▄[48;2;0;0;0;38;2;0;0;0m▄[48;2;189;0;193;38;2;254;75;52m▄[48;2;252;85;43;38;2;0;0;0m▄[48;2;0;0;0;38;2;0;0;0m▄[0m
[48;2;0;0;0;38;2;0;0;0m▄[48;2;0;0;0;38;2;0;0;0m▄[48;2;0;0;0;38;2;0;0;0m▄[48;2;0;0;0;38;2;0;0;0m▄[48;2;0;0;0;38;2;0;0;0m▄[48;2;0;0;0;38;2;0;0;0m▄[48;2;0;0;0;38;2;0;0;0m▄[48;2;0;0;0;38;2;0;0;0m▄[48;2;0;0;0;38;2;233;136;12m▄[48;2;13;134;234;38;2;17;238;126m▄[48;2;251;39;91;38;2;233;12;136m▄[48;2;0;0;0;38;2;0;0;0m▄[48;2;0;0;0;38;2;254;65;61m▄[48;2;250;93;37;38;2;83;253;45m▄[48;2;117;22;242;38;2;0;189;193m▄[48;2;77;51;254;38;2;138;12;232m▄[48;2;223;7;151;38;2;230;10;141m▄[48;2;250;36;95;38;2;252;44;84m▄[48;2;250;38;93;38;2;254;53;74m▄[48;2;164;3;214;38;2;183;0;198m▄[48;2;0;0;0;38;2;0;0;0m▄[48;2;0;0;0;38;2;0;0;0m▄[48;2;0;0;0;38;2;6;223;152m▄[48;2;98;34;249;38;2;184;0;197m▄[48;2;0;0;0;38;2;0;0;0m▄[48;2;158;219;5;38;2;0;0;0m▄[48;2;0;0;0;38;2;0;0;0m▄[48;2;0;0;0;38;2;166;212;2m▄[48;2;0;0;0;38;2;0;0;0m▄[48;2;0;0;0;38;2;45;253;83m▄[48;2;0;0;0;38;2;9;145;227m▄[48;2;0;0;0;38;2;189;193;0m▄[48;2;0;0;0;38;2;0;0;0m▄[48;2;0;0;0;38;2;0;0;0m▄[48;2;0;0;0;38;2;0;0;0m▄[48;2;0;0;0;38;2;80;48;253m▄[48;2;202;0;179;38;2;156;5;220m▄[48;2;1;209;170;38;2;0;0;0m▄[48;2;0;0;0;38;2;0;0;0m▄[48;2;0;0;0;38;2;0;0;0m▄[48;2;0;0;0;38;2;229;142;10m▄[48;2;115;23;243;38;2;169;2;210m▄[48;2;254;70;57;38;2;0;0;0m▄[48;2;0;0;0;38;2;0;0;0m▄[48;2;0;0;0;38;2;0;0;0m▄[48;2;0;0;0;38;2;213;166;2m▄[48;2;88;252;41;38;2;0;0;0m▄[48;2;0;0;0;38;2;0;0;0m▄[48;2;0;0;0;38;2;0;0;0m▄[48;2;205;175;1;38;2;0;0;0m▄[48;2;0;0;0;38;2;56;254;71m▄[48;2;0;0;0;38;2;0;0;0m▄[48;2;0;0;0;38;2;0;0;0m▄[48;2;0;0;0;38;2;0;0;0m▄[48;2;145;9;227;38;2;140;11;230m▄[48;2;204;0;177;38;2;198;0;184m▄[48;2;229;10;142;38;2;224;7;150m▄[48;2;244;24;113;38;2;239;19;123m▄[48;2;253;48;80;38;2;252;42;88m▄[48;2;254;77;51;38;2;254;70;57m▄[48;2;238;125;18;38;2;238;126;17m▄[48;2;219;158;4;38;2;216;161;4m▄[48;2;204;176;1;38;2;200;181;0m▄[48;2;192;190;0;38;2;187;194;0m▄[48;2;188;194;0;38;2;183;198;0m▄[48;2;190;191;0;38;2;186;195;0m▄[48;2;198;183;0;38;2;195;187;0m▄[48;2;211;169;2;38;2;208;171;1m▄[48;2;232;138;12;38;2;229;142;10m▄[48;2;245;111;25;38;2;243;114;24m▄[48;2;254;77;50;38;2;253;79;48m▄[48;2;233;12;136;38;2;239;18;125m▄[48;2;153;222;6;38;2;47;81;253m▄[48;2;0;0;0;38;2;0;0;0m▄[48;2;0;0;0;38;2;0;0;0m▄[48;2;0;0;0;38;2;0;0;0m▄[48;2;0;0;0;38;2;0;0;0m▄[48;2;236;130;15;38;2;188;194;0m▄[48;2;0;0;0;38;2;0;0;0m▄[48;2;0;0;0;38;2;0;0;0m▄[0m
[48;2;0;0;0;38;2;0;0;0m▄[48;2;0;0;0;38;2;0;0;0m▄[48;2;34;249;98;38;2;3;165;213m▄[48;2;0;0;0;38;2;0;0;0m▄[48;2;0;0;0;38;2;0;0;0m▄[48;2;0;0;0;38;2;0;0;0m▄[48;2;0;0;0;38;2;0;0;0m▄[48;2;0;0;0;38;2;0;0;0m▄[48;2;0;0;0;38;2;0;0;0m▄[48;2;0;0;0;38;2;0;0;0m▄[48;2;68;59;254;38;2;0;189;192m▄[48;2;0;0;0;38;2;127;17;237m▄[48;2;242;118;21;38;2;243;116;23m▄[48;2;42;252;88;38;2;47;253;81m▄[48;2;29;105;247;38;2;46;82;253m▄[48;2;159;4;218;38;2;170;2;209m▄[48;2;234;13;134;38;2;236;15;130m▄[48;2;254;53;75;38;2;254;60;66m▄[48;2;254;67;59;38;2;252;86;43m▄[48;2;232;12;138;38;2;254;52;76m▄[48;2;36;95;250;38;2;137;12;232m▄[48;2;0;0;0;38;2;3;215;163m▄[48;2;0;0;0;38;2;0;0;0m▄[48;2;223;152;6;38;2;0;0;0m▄[48;2;0;0;0;38;2;0;0;0m▄[48;2;0;0;0;38;2;0;0;0m▄[48;2;0;0;0;38;2;0;0;0m▄[48;2;1;209;170;38;2;14;132;235m▄[48;2;34;98;249;38;2;115;23;243m▄[48;2;12;136;233;38;2;253;79;48m▄[48;2;59;68;254;38;2;66;61;254m▄[48;2;11;139;231;38;2;50;77;254m▄[48;2;0;0;0;38;2;0;0;0m▄[48;2;0;0;0;38;2;0;0;0m▄[48;2;0;0;0;38;2;0;0;0m▄[48;2;84;45;252;38;2;0;0;0m▄[48;2;82;46;253;38;2;0;0;0m▄[48;2;4;219;158;38;2;18;239;123m▄[48;2;0;0;0;38;2;0;0;0m▄[48;2;0;0;0;38;2;0;204;177m▄[48;2;0;0;0;38;2;0;0;0m▄[48;2;158;5;219;38;2;114;24;243m▄[48;2;79;48;253;38;2;112;25;244m▄[48;2;0;0;0;38;2;0;0;0m▄[48;2;0;0;0;38;2;167;212;2m▄[48;2;47;253;81;38;2;0;0;0m▄[48;2;0;0;0;38;2;0;0;0m▄[48;2;55;254;72;38;2;0;0;0m▄[48;2;0;0;0;38;2;0;200;181m▄[48;2;134;13;234;38;2;238;17;126m▄[48;2;244;25;112;38;2;0;0;0m▄[48;2;0;0;0;38;2;0;0;0m▄[48;2;0;0;0;38;2;45;253;84m▄[48;2;1;175;205;38;2;22;117;242m▄[48;2;136;13;233;38;2;131;15;235m▄[48;2;190;0;191;38;2;181;0;200m▄[48;2;219;4;158;38;2;211;2;168m▄[48;2;233;12;136;38;2;223;6;152m▄[48;2;249;34;98;38;2;238;18;125m▄[48;2;254;66;61;38;2;254;52;76m▄[48;2;238;125;18;38;2;239;123;18m▄[48;2;214;164;3;38;2;212;167;2m▄[48;2;196;186;0;38;2;191;191;0m▄[48;2;182;199;0;38;2;177;204;0m▄[48;2;178;203;0;38;2;173;207;1m▄[48;2;182;199;0;38;2;177;203;0m▄[48;2;191;190;0;38;2;188;194;0m▄[48;2;206;174;1;38;2;204;177;0m▄[48;2;227;145;9;38;2;225;148;8m▄[48;2;242;117;22;38;2;242;118;21m▄[48;2;253;81;47;38;2;253;81;47m▄[48;2;243;23;115;38;2;245;27;109m▄[48;2;118;22;242;38;2;154;6;221m▄[48;2;0;0;0;38;2;0;0;0m▄[48;2;40;90;251;38;2;246;27;108m▄[48;2;0;0;0;38;2;0;0;0m▄[48;2;0;0;0;38;2;0;0;0m▄[48;2;68;254;59;38;2;1;205;176m▄[48;2;0;0;0;38;2;0;0;0m▄[48;2;0;0;0;38;2;0;0;0m▄[0m
[48;2;0;0;0;38;2;0;0;0m▄[48;2;0;0;0;38;2;0;0;0m▄[48;2;74;254;53;38;2;0;0;0m▄[48;2;0;0;0;38;2;2;211;168m▄[48;2;0;0;0;38;2;206;1;174m▄[48;2;0;0;0;38;2;0;0;0m▄[48;2;0;0;0;38;2;0;0;0m▄[48;2;0;0;0;38;2;0;0;0m▄[48;2;0;0;0;38;2;0;0;0m▄[48;2;0;0;0;38;2;0;0;0m▄[48;2;99;249;33;38;2;0;0;0m▄[48;2;177;0;204;38;2;178;0;203m▄[48;2;253;80;48;38;2;251;39;92m▄[48;2;249;35;97;38;2;0;0;0m▄[48;2;49;78;253;38;2;41;89;251m▄[48;2;174;1;206;38;2;176;1;204m▄[48;2;237;16;128;38;2;236;15;130m▄[48;2;254;67;59;38;2;254;68;59m▄[48;2;247;104;30;38;2;238;125;18m▄[48;2;253;82;46;38;2;244;111;25m▄[48;2;196;0;186;38;2;205;1;175m▄[48;2;27;246;108;38;2;0;0;0m▄[48;2;0;0;0;38;2;0;0;0m▄[48;2;0;0;0;38;2;0;0;0m▄[48;2;0;0;0;38;2;225;148;7m▄[48;2;0;0;0;38;2;0;0;0m▄[48;2;0;0;0;38;2;0;0;0m▄[48;2;31;103;248;38;2;1;207;173m▄[48;2;155;5;220;38;2;171;1;209m▄[48;2;218;159;4;38;2;251;92;38m▄[48;2;0;0;0;38;2;0;0;0m▄[48;2;222;6;152;38;2;219;5;157m▄[48;2;15;236;129;38;2;40;251;89m▄[48;2;0;0;0;38;2;0;0;0m▄[48;2;0;0;0;38;2;0;0;0m▄[48;2;0;0;0;38;2;0;0;0m▄[48;2;0;0;0;38;2;0;0;0m▄[48;2;0;0;0;38;2;0;0;0m▄[48;2;0;0;0;38;2;0;0;0m▄[48;2;119;241;21;38;2;56;71;254m▄[48;2;0;0;0;38;2;0;0;0m▄[48;2;49;78;253;38;2;23;114;243m▄[48;2;98;34;249;38;2;67;59;254m▄[48;2;0;0;0;38;2;0;0;0m▄[48;2;238;126;17;38;2;0;0;0m▄[48;2;0;0;0;38;2;0;0;0m▄[48;2;0;182;199;38;2;0;198;183m▄[48;2;0;0;0;38;2;0;0;0m▄[48;2;188;193;0;38;2;0;0;0m▄[48;2;172;208;1;38;2;17;238;127m▄[48;2;0;0;0;38;2;0;0;0m▄[48;2;11;139;231;38;2;196;185;0m▄[48;2;254;66;61;38;2;77;254;50m▄[48;2;30;104;247;38;2;28;106;246m▄[48;2;127;17;237;38;2;117;22;242m▄[48;2;179;0;202;38;2;171;1;209m▄[48;2;202;0;178;38;2;191;0;190m▄[48;2;216;3;162;38;2;201;0;180m▄[48;2;219;5;157;38;2;129;16;237m▄[48;2;246;29;106;38;2;218;4;159m▄[48;2;241;120;20;38;2;244;113;24m▄[48;2;216;162;3;38;2;213;166;2m▄[48;2;186;196;0;38;2;180;201;0m▄[48;2;175;206;1;38;2;168;211;2m▄[48;2;174;206;1;38;2;167;211;2m▄[48;2;173;207;1;38;2;168;211;2m▄[48;2;184;197;0;38;2;181;200;0m▄[48;2;201;179;0;38;2;199;182;0m▄[48;2;224;151;7;38;2;222;153;6m▄[48;2;244;112;25;38;2;244;113;24m▄[48;2;253;81;47;38;2;253;79;49m▄[48;2;245;27;109;38;2;245;26;109m▄[48;2;164;3;214;38;2;164;3;214m▄[48;2;45;83;253;38;2;0;0;0m▄[48;2;0;0;0;38;2;0;0;0m▄[48;2;0;0;0;38;2;0;0;0m▄[48;2;0;0;0;38;2;150;7;224m▄[48;2;12;138;232;38;2;22;117;242m▄[48;2;0;0;0;38;2;0;0;0m▄[48;2;0;0;0;38;2;0;0;0m▄[0m
[48;2;0;0;0;38;2;0;0;0m▄[48;2;0;0;0;38;2;0;0;0m▄[48;2;0;0;0;38;2;141;230;10m▄[48;2;17;126;238;38;2;34;249;98m▄[48;2;0;0;0;38;2;17;238;125m▄[48;2;0;0;0;38;2;0;0;0m▄[48;2;0;0;0;38;2;0;0;0m▄[48;2;0;0;0;38;2;0;0;0m▄[48;2;0;0;0;38;2;0;0;0m▄[48;2;225;7;148;38;2;251;92;38m▄[48;2;0;0;0;38;2;0;0;0m▄[48;2;148;8;226;38;2;38;92;251m▄[48;2;227;8;146;38;2;196;0;185m▄[48;2;195;187;0;38;2;29;247;106m▄[48;2;4;160;217;38;2;67;59;254m▄[48;2;167;2;212;38;2;154;5;221m▄[48;2;232;12;138;38;2;223;6;151m▄[48;2;254;72;54;38;2;254;71;56m▄[48;2;229;142;10;38;2;217;160;4m▄[48;2;239;124;18;38;2;232;136;12m▄[48;2;218;4;158;38;2;219;4;158m▄[48;2;0;0;0;38;2;0;0;0m▄[48;2;39;91;251;38;2;0;0;0m▄[48;2;0;0;0;38;2;0;0;0m▄[48;2;131;235;15;38;2;0;0;0m▄[48;2;221;5;154;38;2;155;221;5m▄[48;2;84;45;252;38;2;179;0;202m▄[48;2;0;0;0;38;2;28;246;107m▄[48;2;150;7;224;38;2;137;12;232m▄[48;2;0;0;0;38;2;0;0;0m▄[48;2;0;0;0;38;2;0;0;0m▄[48;2;61;66;254;38;2;0;0;0m▄[48;2;244;112;25;38;2;0;0;0m▄[48;2;0;0;0;38;2;0;0;0m▄[48;2;0;0;0;38;2;0;0;0m▄[48;2;0;0;0;38;2;0;0;0m▄[48;2;0;0;0;38;2;0;0;0m▄[48;2;0;0;0;38;2;25;244;112m▄[48;2;0;0;0;38;2;0;0;0m▄[48;2;205;176;1;38;2;22;118;242m▄[48;2;0;0;0;38;2;0;0;0m▄[48;2;12;136;232;38;2;0;177;203m▄[48;2;20;120;241;38;2;95;250;36m▄[48;2;0;0;0;38;2;218;4;158m▄[48;2;211;168;2;38;2;63;254;64m▄[48;2;0;0;0;38;2;243;23;116m▄[48;2;0;0;0;38;2;119;241;21m▄[48;2;0;0;0;38;2;32;248;101m▄[48;2;0;0;0;38;2;0;0;0m▄[48;2;111;245;25;38;2;0;0;0m▄[48;2;0;0;0;38;2;142;10;229m▄[48;2;139;11;231;38;2;201;0;180m▄[48;2;81;253;47;38;2;254;74;53m▄[48;2;20;121;240;38;2;7;149;225m▄[48;2;104;30;247;38;2;88;42;252m▄[48;2;161;4;217;38;2;150;7;224m▄[48;2;178;0;203;38;2;166;2;212m▄[48;2;182;0;199;38;2;141;10;230m▄[48;2;1;204;176;38;2;0;0;0m▄[48;2;72;55;254;38;2;0;0;0m▄[48;2;251;92;38;38;2;254;73;54m▄[48;2;210;170;2;38;2;206;174;1m▄[48;2;173;207;1;38;2;166;213;2m▄[48;2;161;216;4;38;2;154;221;6m▄[48;2;161;217;4;38;2;154;221;6m▄[48;2;170;210;2;38;2;164;214;3m▄[48;2;177;204;0;38;2;173;207;1m▄[48;2;197;184;0;38;2;195;186;0m▄[48;2;221;155;5;38;2;220;157;5m▄[48;2;244;113;24;38;2;244;113;24m▄[48;2;254;76;51;38;2;254;71;55m▄[48;2;247;30;103;38;2;246;28;106m▄[48;2;161;3;216;38;2;176;1;204m▄[48;2;0;0;0;38;2;0;0;0m▄[48;2;0;0;0;38;2;0;0;0m▄[48;2;110;26;245;38;2;198;0;184m▄[48;2;210;2;169;38;2;235;14;132m▄[48;2;0;0;0;38;2;7;150;224m▄[48;2;0;0;0;38;2;0;0;0m▄[48;2;0;0;0;38;2;0;0;0m▄[0m
[48;2;0;0;0;38;2;0;0;0m▄[48;2;0;0;0;38;2;238;17;126m▄[48;2;25;112;244;38;2;111;25;244m▄[48;2;0;0;0;38;2;0;0;0m▄[48;2;59;254;67;38;2;177;0;203m▄[48;2;0;0;0;38;2;0;0;0m▄[48;2;0;0;0;38;2;0;0;0m▄[48;2;0;0;0;38;2;0;0;0m▄[48;2;0;0;0;38;2;0;0;0m▄[48;2;0;0;0;38;2;0;0;0m▄[48;2;0;0;0;38;2;0;0;0m▄[48;2;0;0;0;38;2;0;0;0m▄[48;2;165;3;214;38;2;127;16;237m▄[48;2;0;0;0;38;2;156;220;5m▄[48;2;225;149;7;38;2;0;0;0m▄[48;2;133;13;234;38;2;61;65;254m▄[48;2;211;2;168;38;2;182;0;199m▄[48;2;253;45;83;38;2;242;117;22m▄[48;2;203;177;0;38;2;182;199;0m▄[48;2;225;149;7;38;2;215;163;3m▄[48;2;207;1;173;38;2;103;31;248m▄[48;2;198;0;183;38;2;254;57;70m▄[48;2;0;0;0;38;2;0;0;0m▄[48;2;0;0;0;38;2;0;0;0m▄[48;2;0;0;0;38;2;0;0;0m▄[48;2;0;0;0;38;2;0;0;0m▄[48;2;233;13;135;38;2;253;47;81m▄[48;2;254;56;70;38;2;0;0;0m▄[48;2;0;0;0;38;2;141;10;230m▄[48;2;0;0;0;38;2;0;0;0m▄[48;2;0;0;0;38;2;0;0;0m▄[48;2;0;0;0;38;2;0;0;0m▄[48;2;0;0;0;38;2;0;0;0m▄[48;2;0;0;0;38;2;0;0;0m▄[48;2;0;0;0;38;2;0;0;0m▄[48;2;0;0;0;38;2;0;0;0m▄[48;2;0;179;202;38;2;78;253;50m▄[48;2;2;213;166;38;2;18;239;123m▄[48;2;0;0;0;38;2;0;0;0m▄[48;2;0;187;194;38;2;0;0;0m▄[48;2;246;28;108;38;2;232;11;138m▄[48;2;15;236;130;38;2;42;252;87m▄[48;2;96;250;35;38;2;94;250;37m▄[48;2;47;253;81;38;2;0;0;0m▄[48;2;0;0;0;38;2;0;0;0m▄[48;2;0;0;0;38;2;70;57;254m▄[48;2;2;210;169;38;2;5;221;155m▄[48;2;10;141;230;38;2;40;90;251m▄[48;2;0;0;0;38;2;168;211;2m▄[48;2;0;0;0;38;2;0;0;0m▄[48;2;25;111;244;38;2;109;26;245m▄[48;2;208;1;171;38;2;189;0;192m▄[48;2;0;0;0;38;2;13;234;133m▄[48;2;25;244;113;38;2;0;0;0m▄[48;2;69;57;254;38;2;41;88;252m▄[48;2;137;12;232;38;2;112;25;244m▄[48;2;149;7;225;38;2;130;15;236m▄[48;2;106;29;246;38;2;80;48;253m▄[48;2;85;44;252;38;2;1;172;208m▄[48;2;0;0;0;38;2;196;0;185m▄[48;2;254;54;73;38;2;226;8;147m▄[48;2;203;178;0;38;2;198;183;0m▄[48;2;159;218;4;38;2;152;222;6m▄[48;2;147;226;8;38;2;140;230;11m▄[48;2;148;226;8;38;2;141;230;10m▄[48;2;158;219;4;38;2;152;223;6m▄[48;2;170;210;2;38;2;171;209;1m▄[48;2;193;188;0;38;2;191;190;0m▄[48;2;219;158;5;38;2;219;158;4m▄[48;2;244;112;25;38;2;245;110;26m▄[48;2;254;65;62;38;2;254;62;65m▄[48;2;244;25;112;38;2;241;20;120m▄[48;2;176;1;204;38;2;178;0;202m▄[48;2;0;0;0;38;2;0;0;0m▄[48;2;0;193;188;38;2;2;170;210m▄[48;2;228;9;144;38;2;243;23;115m▄[48;2;250;36;95;38;2;254;57;70m▄[48;2;3;215;163;38;2;150;7;224m▄[48;2;0;0;0;38;2;0;0;0m▄[48;2;0;0;0;38;2;0;0;0m▄[0m
[48;2;0;0;0;38;2;0;0;0m▄[48;2;6;153;222;38;2;0;0;0m▄[48;2;220;5;156;38;2;232;137;12m▄[48;2;0;0;0;38;2;1;173;207m▄[48;2;0;0;0;38;2;0;0;0m▄[48;2;0;0;0;38;2;0;0;0m▄[48;2;0;0;0;38;2;0;0;0m▄[48;2;0;0;0;38;2;94;37;250m▄[48;2;0;0;0;38;2;0;0;0m▄[48;2;0;0;0;38;2;0;0;0m▄[48;2;0;0;0;38;2;0;0;0m▄[48;2;81;253;47;38;2;67;254;60m▄[48;2;55;72;254;38;2;2;166;213m▄[48;2;0;0;0;38;2;85;44;252m▄[48;2;0;0;0;38;2;0;0;0m▄[48;2;28;106;246;38;2;9;143;228m▄[48;2;146;8;226;38;2;102;31;248m▄[48;2;0;0;0;38;2;0;0;0m▄[48;2;161;216;3;38;2;124;239;18m▄[48;2;200;181;0;38;2;188;194;0m▄[48;2;0;198;183;38;2;0;0;0m▄[48;2;243;115;23;38;2;253;79;49m▄[48;2;142;229;10;38;2;0;0;0m▄[48;2;146;8;226;38;2;0;0;0m▄[48;2;0;0;0;38;2;0;0;0m▄[48;2;0;0;0;38;2;176;205;1m▄[48;2;243;116;23;38;2;204;176;1m▄[48;2;0;0;0;38;2;0;0;0m▄[48;2;0;0;0;38;2;0;0;0m▄[48;2;0;0;0;38;2;0;0;0m▄[48;2;0;0;0;38;2;0;0;0m▄[48;2;0;0;0;38;2;0;0;0m▄[48;2;0;0;0;38;2;0;0;0m▄[48;2;0;0;0;38;2;0;0;0m▄[48;2;0;0;0;38;2;0;0;0m▄[48;2;0;0;0;38;2;0;0;0m▄[48;2;0;0;0;38;2;0;0;0m▄[48;2;46;253;82;38;2;0;0;0m▄[48;2;0;0;0;38;2;0;0;0m▄[48;2;0;0;0;38;2;0;0;0m▄[48;2;165;3;213;38;2;92;38;251m▄[48;2;101;248;32;38;2;0;0;0m▄[48;2;0;0;0;38;2;0;0;0m▄[48;2;0;0;0;38;2;74;254;53m▄[48;2;0;0;0;38;2;0;0;0m▄[48;2;1;204;176;38;2;55;72;254m▄[48;2;0;0;0;38;2;207;173;1m▄[48;2;30;105;247;38;2;0;0;0m▄[48;2;27;245;109;38;2;0;188;193m▄[48;2;0;0;0;38;2;0;0;0m▄[48;2;209;1;171;38;2;0;0;0m▄[48;2;130;15;236;38;2;19;122;240m▄[48;2;5;156;220;38;2;0;188;194m▄[48;2;0;0;0;38;2;0;0;0m▄[48;2;0;179;201;38;2;0;0;0m▄[48;2;91;39;251;38;2;64;62;254m▄[48;2;112;25;244;38;2;89;40;251m▄[48;2;42;87;252;38;2;31;103;247m▄[48;2;132;14;235;38;2;1;205;175m▄[48;2;159;218;4;38;2;0;0;0m▄[48;2;0;202;178;38;2;0;0;0m▄[48;2;193;188;0;38;2;187;194;0m▄[48;2;145;227;9;38;2;138;232;12m▄[48;2;133;234;14;38;2;125;238;17m▄[48;2;134;234;13;38;2;128;237;16m▄[48;2;146;227;8;38;2;140;230;11m▄[48;2;166;213;2;38;2;161;216;4m▄[48;2;190;192;0;38;2;188;193;0m▄[48;2;219;157;5;38;2;220;156;5m▄[48;2;248;103;31;38;2;251;92;38m▄[48;2;254;53;74;38;2;252;42;87m▄[48;2;234;14;133;38;2;223;6;152m▄[48;2;175;1;205;38;2;167;2;211m▄[48;2;0;0;0;38;2;52;254;76m▄[48;2;14;132;235;38;2;0;204;177m▄[48;2;248;33;100;38;2;253;45;83m▄[48;2;254;75;52;38;2;248;100;33m▄[48;2;165;3;213;38;2;249;34;98m▄[48;2;20;121;240;38;2;134;13;234m▄[48;2;0;0;0;38;2;0;0;0m▄[0m
[48;2;0;0;0;38;2;123;239;19m▄[48;2;0;0;0;38;2;0;0;0m▄[48;2;19;240;122;38;2;0;186;196m▄[48;2;0;0;0;38;2;0;0;0m▄[48;2;0;0;0;38;2;0;0;0m▄[48;2;0;0;0;38;2;0;0;0m▄[48;2;39;251;91;38;2;2;167;212m▄[48;2;128;237;16;38;2;0;0;0m▄[48;2;0;0;0;38;2;0;0;0m▄[48;2;0;0;0;38;2;79;48;253m▄[48;2;0;0;0;38;2;23;116;243m▄[48;2;103;247;31;38;2;215;3;162m▄[48;2;254;66;60;38;2;92;251;38m▄[48;2;41;251;89;38;2;227;146;8m▄[48;2;0;0;0;38;2;0;0;0m▄[48;2;0;187;194;38;2;0;0;0m▄[48;2;48;80;253;38;2;3;165;213m▄[48;2;0;0;0;38;2;248;32;101m▄[48;2;89;251;40;38;2;59;254;68m▄[48;2;181;200;0;38;2;193;189;0m▄[48;2;0;0;0;38;2;0;0;0m▄[48;2;0;0;0;38;2;0;0;0m▄[48;2;0;0;0;38;2;127;17;237m▄[48;2;0;0;0;38;2;0;0;0m▄[48;2;0;0;0;38;2;0;0;0m▄[48;2;137;12;232;38;2;220;5;156m▄[48;2;250;36;95;38;2;0;0;0m▄[48;2;0;0;0;38;2;0;0;0m▄[48;2;0;0;0;38;2;0;0;0m▄[48;2;0;0;0;38;2;0;0;0m▄[48;2;0;0;0;38;2;0;0;0m▄[48;2;0;0;0;38;2;0;0;0m▄[48;2;0;0;0;38;2;0;0;0m▄[48;2;0;0;0;38;2;0;0;0m▄[48;2;0;0;0;38;2;0;0;0m▄[48;2;0;0;0;38;2;0;0;0m▄[48;2;0;0;0;38;2;0;0;0m▄[48;2;0;0;0;38;2;0;0;0m▄[48;2;0;0;0;38;2;0;0;0m▄[48;2;0;0;0;38;2;254;73;54m▄[48;2;44;84;252;38;2;2;168;211m▄[48;2;0;0;0;38;2;3;164;214m▄[48;2;0;0;0;38;2;0;0;0m▄[48;2;0;0;0;38;2;0;0;0m▄[48;2;0;0;0;38;2;0;0;0m▄[48;2;137;12;232;38;2;204;0;177m▄[48;2;0;0;0;38;2;0;0;0m▄[48;2;0;0;0;38;2;0;0;0m▄[48;2;159;4;218;38;2;105;29;247m▄[48;2;122;240;19;38;2;0;0;0m▄[48;2;0;0;0;38;2;0;0;0m▄[48;2;0;188;193;38;2;38;250;93m▄[48;2;170;210;2;38;2;0;0;0m▄[48;2;0;0;0;38;2;27;245;109m▄[48;2;0;0;0;38;2;0;0;0m▄[48;2;40;90;251;38;2;24;114;243m▄[48;2;75;53;254;38;2;55;72;254m▄[48;2;23;114;243;38;2;14;132;235m▄[48;2;188;0;193;38;2;103;247;30m▄[48;2;0;0;0;38;2;0;0;0m▄[48;2;0;0;0;38;2;249;96;35m▄[48;2;173;207;1;38;2;168;211;2m▄[48;2;130;236;15;38;2;121;240;20m▄[48;2;124;239;18;38;2;115;243;23m▄[48;2;123;239;19;38;2;116;243;23m▄[48;2;134;233;13;38;2;126;238;17m▄[48;2;156;220;5;38;2;152;223;6m▄[48;2;187;195;0;38;2;186;196;0m▄[48;2;222;153;6;38;2;225;148;7m▄[48;2;254;77;51;38;2;253;46;82m▄[48;2;246;28;107;38;2;203;0;178m▄[48;2;212;2;167;38;2;189;0;193m▄[48;2;153;6;222;38;2;131;14;235m▄[48;2;1;174;206;38;2;13;135;233m▄[48;2;254;77;51;38;2;209;171;1m▄[48;2;254;74;53;38;2;245;110;26m▄[48;2;238;125;18;38;2;228;144;9m▄[48;2;254;69;58;38;2;252;84;45m▄[48;2;201;0;180;38;2;219;4;158m▄[48;2;127;238;17;38;2;0;0;0m▄[0m
[48;2;35;249;96;38;2;0;0;0m▄[48;2;0;0;0;38;2;0;0;0m▄[48;2;176;1;205;38;2;194;0;187m▄[48;2;0;0;0;38;2;92;251;38m▄[48;2;0;0;0;38;2;0;0;0m▄[48;2;0;0;0;38;2;0;0;0m▄[48;2;57;254;70;38;2;235;14;132m▄[48;2;0;0;0;38;2;0;0;0m▄[48;2;0;0;0;38;2;0;0;0m▄[48;2;0;0;0;38;2;0;0;0m▄[48;2;100;32;248;38;2;34;97;249m▄[48;2;151;6;223;38;2;150;7;224m▄[48;2;0;0;0;38;2;7;150;224m▄[48;2;0;0;0;38;2;0;0;0m▄[48;2;0;0;0;38;2;0;0;0m▄[48;2;135;233;13;38;2;0;0;0m▄[48;2;220;5;157;38;2;111;245;26m▄[48;2;0;0;0;38;2;23;116;243m▄[48;2;28;246;108;38;2;9;228;144m▄[48;2;0;0;0;38;2;0;0;0m▄[48;2;0;0;0;38;2;251;39;91m▄[48;2;0;0;0;38;2;0;0;0m▄[48;2;0;0;0;38;2;97;35;249m▄[48;2;0;0;0;38;2;0;0;0m▄[48;2;1;208;172;38;2;0;0;0m▄[48;2;252;43;86;38;2;241;120;20m▄[48;2;0;0;0;38;2;0;0;0m▄[48;2;0;0;0;38;2;0;0;0m▄[48;2;0;0;0;38;2;241;119;21m▄[48;2;0;0;0;38;2;0;0;0m▄[48;2;0;0;0;38;2;0;0;0m▄[48;2;0;0;0;38;2;0;0;0m▄[48;2;0;0;0;38;2;0;0;0m▄[48;2;0;0;0;38;2;0;0;0m▄[48;2;0;0;0;38;2;0;0;0m▄[48;2;0;0;0;38;2;0;0;0m▄[48;2;0;0;0;38;2;0;0;0m▄[48;2;0;0;0;38;2;0;0;0m▄[48;2;0;0;0;38;2;0;0;0m▄[48;2;242;22;117;38;2;123;19;239m▄[48;2;58;254;68;38;2;19;240;123m▄[48;2;234;133;14;38;2;0;0;0m▄[48;2;207;173;1;38;2;50;78;253m▄[48;2;0;0;0;38;2;0;0;0m▄[48;2;0;0;0;38;2;0;0;0m▄[48;2;254;65;61;38;2;150;7;224m▄[48;2;0;0;0;38;2;58;68;254m▄[48;2;0;0;0;38;2;161;216;4m▄[48;2;0;0;0;38;2;0;0;0m▄[48;2;234;134;13;38;2;15;235;131m▄[48;2;0;0;0;38;2;1;173;207m▄[48;2;0;0;0;38;2;33;99;249m▄[48;2;0;0;0;38;2;190;191;0m▄[48;2;0;0;0;38;2;0;0;0m▄[48;2;0;0;0;38;2;0;0;0m▄[48;2;8;146;227;38;2;0;187;195m▄[48;2;37;94;250;38;2;6;154;221m▄[48;2;7;150;224;38;2;1;172;208m▄[48;2;72;254;55;38;2;76;254;51m▄[48;2;241;120;20;38;2;0;183;198m▄[48;2;68;254;58;38;2;12;138;232m▄[48;2;163;215;3;38;2;155;221;5m▄[48;2;119;241;21;38;2;107;246;28m▄[48;2;106;246;29;38;2;98;249;34m▄[48;2;109;245;27;38;2;102;248;31m▄[48;2;120;241;20;38;2;115;243;23m▄[48;2;148;226;8;38;2;144;228;9m▄[48;2;185;197;0;38;2;184;197;0m▄[48;2;230;141;10;38;2;237;128;16m▄[48;2;146;227;8;38;2;0;0;0m▄[48;2;0;200;181;38;2;0;0;0m▄[48;2;108;27;246;38;2;32;248;101m▄[48;2;110;26;245;38;2;80;48;253m▄[48;2;16;128;237;38;2;13;135;233m▄[48;2;0;0;0;38;2;115;243;23m▄[48;2;203;177;0;38;2;175;205;1m▄[48;2;217;160;4;38;2;213;166;2m▄[48;2;250;95;36;38;2;247;103;31m▄[48;2;234;13;134;38;2;245;26;109m▄[48;2;0;0;0;38;2;0;0;0m▄[0m
[48;2;67;254;59;38;2;184;198;0m▄[48;2;254;53;75;38;2;55;254;72m▄[48;2;131;15;236;38;2;38;92;251m▄[48;2;144;228;9;38;2;7;224;150m▄[48;2;0;0;0;38;2;0;0;0m▄[48;2;224;7;150;38;2;0;0;0m▄[48;2;0;0;0;38;2;0;0;0m▄[48;2;0;0;0;38;2;0;0;0m▄[48;2;2;168;211;38;2;0;0;0m▄[48;2;0;0;0;38;2;0;0;0m▄[48;2;0;0;0;38;2;0;0;0m▄[48;2;96;35;250;38;2;24;113;244m▄[48;2;140;11;230;38;2;0;0;0m▄[48;2;6;152;223;38;2;173;1;207m▄[48;2;0;0;0;38;2;253;45;83m▄[48;2;0;0;0;38;2;0;0;0m▄[48;2;19;240;122;38;2;118;242;21m▄[48;2;28;246;107;38;2;0;184;197m▄[48;2;1;205;175;38;2;0;187;194m▄[48;2;0;0;0;38;2;38;251;92m▄[48;2;19;121;240;38;2;0;0;0m▄[48;2;0;0;0;38;2;0;0;0m▄[48;2;0;0;0;38;2;91;251;39m▄[48;2;148;8;225;38;2;0;0;0m▄[48;2;205;1;176;38;2;0;0;0m▄[48;2;189;192;0;38;2;161;216;3m▄[48;2;0;0;0;38;2;0;0;0m▄[48;2;0;0;0;38;2;0;0;0m▄[48;2;0;0;0;38;2;0;0;0m▄[48;2;65;254;61;38;2;0;0;0m▄[48;2;0;0;0;38;2;0;0;0m▄[48;2;0;0;0;38;2;0;0;0m▄[48;2;0;0;0;38;2;0;0;0m▄[48;2;0;0;0;38;2;0;0;0m▄[48;2;0;0;0;38;2;0;0;0m▄[48;2;0;0;0;38;2;0;0;0m▄[48;2;0;0;0;38;2;0;0;0m▄[48;2;0;0;0;38;2;0;0;0m▄[48;2;0;0;0;38;2;0;0;0m▄[48;2;38;93;250;38;2;0;189;192m▄[48;2;0;0;0;38;2;0;0;0m▄[48;2;0;0;0;38;2;116;243;23m▄[48;2;229;10;142;38;2;0;0;0m▄[48;2;68;58;254;38;2;183;0;199m▄[48;2;233;135;13;38;2;64;62;254m▄[48;2;0;0;0;38;2;0;0;0m▄[48;2;0;0;0;38;2;0;0;0m▄[48;2;0;0;0;38;2;17;237;127m▄[48;2;0;0;0;38;2;50;254;77m▄[48;2;5;156;220;38;2;6;222;154m▄[48;2;0;0;0;38;2;0;0;0m▄[48;2;44;84;252;38;2;3;163;215m▄[48;2;0;0;0;38;2;55;254;72m▄[48;2;0;0;0;38;2;0;0;0m▄[48;2;137;12;232;38;2;191;0;190m▄[48;2;0;0;0;38;2;0;0;0m▄[48;2;15;236;130;38;2;138;11;231m▄[48;2;2;209;170;38;2;245;27;109m▄[48;2;172;208;1;38;2;0;0;0m▄[48;2;254;65;62;38;2;231;11;140m▄[48;2;0;0;0;38;2;0;0;0m▄[48;2;143;228;9;38;2;121;240;20m▄[48;2;96;250;35;38;2;85;252;44m▄[48;2;89;251;40;38;2;81;253;47m▄[48;2;96;250;35;38;2;90;251;40m▄[48;2;110;245;26;38;2;106;247;29m▄[48;2;140;230;11;38;2;126;238;17m▄[48;2;183;198;0;38;2;174;206;1m▄[48;2;245;109;26;38;2;254;75;52m▄[48;2;0;0;0;38;2;0;0;0m▄[48;2;0;0;0;38;2;0;0;0m▄[48;2;0;0;0;38;2;0;0;0m▄[48;2;29;106;247;38;2;0;188;193m▄[48;2;9;145;227;38;2;1;171;209m▄[48;2;34;249;99;38;2;28;246;106m▄[48;2;142;229;10;38;2;126;238;17m▄[48;2;203;177;0;38;2;197;185;0m▄[48;2;246;107;28;38;2;246;107;28m▄[48;2;247;29;106;38;2;245;26;110m▄[48;2;0;0;0;38;2;7;223;151m▄[0m
[48;2;1;171;209;38;2;8;226;147m▄[48;2;0;0;0;38;2;27;108;246m▄[48;2;0;184;197;38;2;204;176;1m▄[48;2;4;159;218;38;2;26;109;245m▄[48;2;11;139;231;38;2;133;14;234m▄[48;2;98;249;34;38;2;57;70;254m▄[48;2;1;170;209;38;2;106;246;28m▄[48;2;50;78;254;38;2;100;32;248m▄[48;2;0;0;0;38;2;0;0;0m▄[48;2;0;0;0;38;2;0;0;0m▄[48;2;0;0;0;38;2;219;157;5m▄[48;2;69;254;57;38;2;0;0;0m▄[48;2;0;0;0;38;2;0;0;0m▄[48;2;0;0;0;38;2;10;143;229m▄[48;2;207;1;173;38;2;0;0;0m▄[48;2;73;254;54;38;2;0;0;0m▄[48;2;0;0;0;38;2;40;90;251m▄[48;2;25;112;244;38;2;61;66;254m▄[48;2;3;163;215;38;2;13;135;233m▄[48;2;39;91;251;38;2;0;0;0m▄[48;2;228;9;143;38;2;0;0;0m▄[48;2;0;0;0;38;2;0;0;0m▄[48;2;0;0;0;38;2;0;0;0m▄[48;2;0;0;0;38;2;0;0;0m▄[48;2;37;94;250;38;2;211;2;168m▄[48;2;0;0;0;38;2;0;0;0m▄[48;2;0;0;0;38;2;207;1;173m▄[48;2;0;0;0;38;2;0;0;0m▄[48;2;22;116;242;38;2;0;0;0m▄[48;2;0;0;0;38;2;0;0;0m▄[48;2;0;0;0;38;2;0;0;0m▄[48;2;0;0;0;38;2;0;0;0m▄[48;2;0;0;0;38;2;0;0;0m▄[48;2;0;0;0;38;2;0;0;0m▄[48;2;0;0;0;38;2;0;0;0m▄[48;2;0;0;0;38;2;0;0;0m▄[48;2;0;0;0;38;2;0;0;0m▄[48;2;0;0;0;38;2;0;0;0m▄[48;2;0;0;0;38;2;18;125;239m▄[48;2;110;245;26;38;2;0;0;0m▄[48;2;0;0;0;38;2;121;240;20m▄[48;2;0;0;0;38;2;0;0;0m▄[48;2;0;0;0;38;2;0;0;0m▄[48;2;0;0;0;38;2;0;0;0m▄[48;2;0;0;0;38;2;32;248;101m▄[48;2;181;200;0;38;2;119;241;21m▄[48;2;0;0;0;38;2;0;0;0m▄[48;2;0;0;0;38;2;0;0;0m▄[48;2;0;0;0;38;2;0;0;0m▄[48;2;244;111;25;38;2;50;78;253m▄[48;2;0;0;0;38;2;158;219;5m▄[48;2;53;254;74;38;2;0;0;0m▄[48;2;0;0;0;38;2;0;0;0m▄[48;2;30;247;104;38;2;0;0;0m▄[48;2;90;40;251;38;2;251;40;90m▄[48;2;237;127;17;38;2;245;111;25m▄[48;2;24;244;113;38;2;179;0;202m▄[48;2;0;0;0;38;2;0;0;0m▄[48;2;0;0;0;38;2;132;14;235m▄[48;2;194;188;0;38;2;72;55;254m▄[48;2;228;9;144;38;2;213;165;2m▄[48;2;103;247;31;38;2;76;254;51m▄[48;2;71;254;56;38;2;62;254;64m▄[48;2;75;254;52;38;2;68;254;58m▄[48;2;84;252;44;38;2;79;253;49m▄[48;2;102;248;32;38;2;98;249;34m▄[48;2;124;239;18;38;2;121;240;19m▄[48;2;173;207;1;38;2;172;208;1m▄[48;2;231;139;11;38;2;0;0;0m▄[48;2;0;0;0;38;2;0;0;0m▄[48;2;0;0;0;38;2;0;0;0m▄[48;2;0;0;0;38;2;0;0;0m▄[48;2;0;0;0;38;2;0;0;0m▄[48;2;0;196;185;38;2;7;224;150m▄[48;2;33;249;100;38;2;39;251;91m▄[48;2;121;240;20;38;2;124;239;18m▄[48;2;194;187;0;38;2;195;186;0m▄[48;2;248;101;32;38;2;252;88;41m▄[48;2;239;18;124;38;2;229;10;142m▄[48;2;226;147;8;38;2;35;96;250m▄[0m
[48;2;0;0;0;38;2;142;10;229m▄[48;2;156;220;5;38;2;0;0;0m▄[48;2;0;0;0;38;2;0;0;0m▄[48;2;37;94;250;38;2;40;90;251m▄[48;2;182;0;199;38;2;208;1;172m▄[48;2;82;46;253;38;2;76;51;254m▄[48;2;153;6;222;38;2;202;178;0m▄[48;2;106;29;247;38;2;0;0;0m▄[48;2;11;139;231;38;2;146;8;227m▄[48;2;0;0;0;38;2;0;0;0m▄[48;2;0;0;0;38;2;6;222;154m▄[48;2;2;167;212;38;2;0;0;0m▄[48;2;68;254;59;38;2;63;254;63m▄[48;2;147;8;226;38;2;3;162;216m▄[48;2;0;0;0;38;2;0;0;0m▄[48;2;0;0;0;38;2;0;0;0m▄[48;2;0;202;179;38;2;79;48;253m▄[48;2;82;46;253;38;2;115;23;243m▄[48;2;19;123;239;38;2;16;129;237m▄[48;2;189;193;0;38;2;0;0;0m▄[48;2;0;0;0;38;2;0;0;0m▄[48;2;0;0;0;38;2;100;32;248m▄[48;2;0;0;0;38;2;164;214;3m▄[48;2;0;0;0;38;2;0;0;0m▄[48;2;254;54;73;38;2;254;64;63m▄[48;2;0;0;0;38;2;0;0;0m▄[48;2;0;0;0;38;2;0;0;0m▄[48;2;0;0;0;38;2;210;2;170m▄[48;2;102;31;248;38;2;178;0;203m▄[48;2;0;0;0;38;2;0;0;0m▄[48;2;0;0;0;38;2;0;0;0m▄[48;2;0;0;0;38;2;0;0;0m▄[48;2;0;0;0;38;2;0;0;0m▄[48;2;0;0;0;38;2;0;0;0m▄[48;2;0;0;0;38;2;0;0;0m▄[48;2;0;0;0;38;2;0;0;0m▄[48;2;0;0;0;38;2;0;0;0m▄[48;2;0;0;0;38;2;0;0;0m▄[48;2;26;245;111;38;2;158;219;4m▄[48;2;0;0;0;38;2;0;0;0m▄[48;2;0;0;0;38;2;0;0;0m▄[48;2;0;0;0;38;2;208;172;1m▄[48;2;252;44;85;38;2;176;1;204m▄[48;2;0;0;0;38;2;5;219;157m▄[48;2;92;39;251;38;2;180;0;201m▄[48;2;240;123;19;38;2;0;0;0m▄[48;2;0;0;0;38;2;0;0;0m▄[48;2;0;0;0;38;2;0;0;0m▄[48;2;0;0;0;38;2;0;0;0m▄[48;2;35;249;96;38;2;195;0;186m▄[48;2;96;250;35;38;2;0;0;0m▄[48;2;0;0;0;38;2;0;0;0m▄[48;2;39;92;251;38;2;107;28;246m▄[48;2;74;254;53;38;2;3;213;165m▄[48;2;0;0;0;38;2;0;0;0m▄[48;2;0;0;0;38;2;0;0;0m▄[48;2;11;138;231;38;2;214;164;3m▄[48;2;0;0;0;38;2;52;254;75m▄[48;2;0;0;0;38;2;110;26;245m▄[48;2;0;0;0;38;2;0;0;0m▄[48;2;165;213;3;38;2;136;232;12m▄[48;2;65;254;62;38;2;54;254;73m▄[48;2;54;254;73;38;2;47;253;82m▄[48;2;61;254;65;38;2;55;254;72m▄[48;2;74;254;53;38;2;75;254;52m▄[48;2;94;250;37;38;2;91;251;39m▄[48;2;120;241;20;38;2;118;241;21m▄[48;2;172;208;1;38;2;172;208;1m▄[48;2;175;1;205;38;2;251;38;92m▄[48;2;200;0;182;38;2;187;195;0m▄[48;2;0;0;0;38;2;0;0;0m▄[48;2;0;0;0;38;2;0;0;0m▄[48;2;24;243;114;38;2;0;0;0m▄[48;2;102;248;31;38;2;0;0;0m▄[48;2;53;254;74;38;2;74;254;53m▄[48;2;124;239;18;38;2;139;231;11m▄[48;2;200;181;0;38;2;209;170;1m▄[48;2;254;53;74;38;2;189;0;192m▄[48;2;206;1;174;38;2;151;6;223m▄[48;2;52;75;254;38;2;47;81;253m▄[0m
[48;2;126;17;238;38;2;5;219;157m▄[48;2;0;0;0;38;2;0;0;0m▄[48;2;0;0;0;38;2;106;29;246m▄[48;2;27;108;246;38;2;0;181;200m▄[48;2;229;10;142;38;2;249;34;97m▄[48;2;0;0;0;38;2;254;54;73m▄[48;2;0;0;0;38;2;0;0;0m▄[48;2;0;0;0;38;2;0;0;0m▄[48;2;209;1;171;38;2;83;45;253m▄[48;2;0;0;0;38;2;24;114;244m▄[48;2;0;0;0;38;2;0;0;0m▄[48;2;224;150;7;38;2;196;0;185m▄[48;2;11;139;231;38;2;194;187;0m▄[48;2;178;0;202;38;2;182;0;199m▄[48;2;0;0;0;38;2;1;171;208m▄[48;2;12;232;137;38;2;0;0;0m▄[48;2;127;16;237;38;2;151;7;224m▄[48;2;142;10;229;38;2;164;3;214m▄[48;2;25;111;244;38;2;55;72;254m▄[48;2;22;242;118;38;2;36;250;95m▄[48;2;0;0;0;38;2;0;0;0m▄[48;2;0;0;0;38;2;37;94;250m▄[48;2;100;32;248;38;2;240;121;20m▄[48;2;0;0;0;38;2;0;0;0m▄[48;2;0;180;201;38;2;60;67;254m▄[48;2;251;39;91;38;2;74;53;254m▄[48;2;0;0;0;38;2;0;0;0m▄[48;2;254;67;59;38;2;208;171;1m▄[48;2;0;0;0;38;2;0;0;0m▄[48;2;0;0;0;38;2;0;0;0m▄[48;2;0;0;0;38;2;0;0;0m▄[48;2;0;0;0;38;2;0;0;0m▄[48;2;0;0;0;38;2;0;0;0m▄[48;2;0;0;0;38;2;0;0;0m▄[48;2;0;0;0;38;2;0;0;0m▄[48;2;0;0;0;38;2;0;0;0m▄[48;2;0;0;0;38;2;0;0;0m▄[48;2;0;0;0;38;2;0;0;0m▄[48;2;0;0;0;38;2;0;0;0m▄[48;2;0;0;0;38;2;0;0;0m▄[48;2;0;0;0;38;2;251;91;39m▄[48;2;0;0;0;38;2;49;253;78m▄[48;2;0;194;188;38;2;0;0;0m▄[48;2;99;33;249;38;2;147;8;226m▄[48;2;237;16;128;38;2;254;54;73m▄[48;2;181;0;200;38;2;44;252;84m▄[48;2;245;27;109;38;2;0;0;0m▄[48;2;0;0;0;38;2;0;0;0m▄[48;2;0;0;0;38;2;0;0;0m▄[48;2;6;223;152;38;2;0;0;0m▄[48;2;245;111;26;38;2;145;228;9m▄[48;2;0;0;0;38;2;30;103;247m▄[48;2;4;161;217;38;2;98;249;34m▄[48;2;0;0;0;38;2;183;0;198m▄[48;2;0;0;0;38;2;0;0;0m▄[48;2;0;0;0;38;2;0;180;201m▄[48;2;0;0;0;38;2;0;0;0m▄[48;2;224;150;7;38;2;8;227;146m▄[48;2;0;0;0;38;2;0;0;0m▄[48;2;0;0;0;38;2;126;238;17m▄[48;2;110;245;26;38;2;80;253;48m▄[48;2;43;252;86;38;2;34;249;99m▄[48;2;39;251;91;38;2;33;249;99m▄[48;2;49;253;78;38;2;44;252;85m▄[48;2;70;254;57;38;2;66;254;61m▄[48;2;89;251;41;38;2;87;252;42m▄[48;2;118;242;21;38;2;118;242;21m▄[48;2;173;207;1;38;2;175;205;1m▄[48;2;253;49;79;38;2;252;85;44m▄[48;2;254;76;51;38;2;53;254;74m▄[48;2;0;0;0;38;2;0;0;0m▄[48;2;0;0;0;38;2;0;0;0m▄[48;2;75;254;52;38;2;0;0;0m▄[48;2;23;243;116;38;2;0;198;183m▄[48;2;127;238;17;38;2;250;37;94m▄[48;2;161;216;3;38;2;190;192;0m▄[48;2;230;141;10;38;2;242;116;22m▄[48;2;168;211;2;38;2;0;0;0m▄[48;2;2;166;213;38;2;0;0;0m▄[48;2;34;98;249;38;2;11;139;231m▄[0m
[48;2;0;0;0;38;2;133;235;14m▄[48;2;0;0;0;38;2;51;254;77m▄[48;2;0;0;0;38;2;0;0;0m▄[48;2;0;0;0;38;2;0;0;0m▄[48;2;252;86;43;38;2;229;142;10m▄[48;2;28;107;246;38;2;12;136;233m▄[48;2;0;0;0;38;2;237;17;127m▄[48;2;0;0;0;38;2;0;0;0m▄[48;2;0;0;0;38;2;0;0;0m▄[48;2;77;51;254;38;2;0;0;0m▄[48;2;0;0;0;38;2;0;0;0m▄[48;2;0;0;0;38;2;0;0;0m▄[48;2;0;0;0;38;2;73;254;54m▄[48;2;49;78;253;38;2;151;223;7m▄[48;2;156;220;5;38;2;17;126;238m▄[48;2;243;115;23;38;2;1;204;176m▄[48;2;172;1;208;38;2;188;0;193m▄[48;2;179;0;202;38;2;199;0;182m▄[48;2;67;60;254;38;2;98;34;249m▄[48;2;124;239;18;38;2;0;0;0m▄[48;2;0;0;0;38;2;0;0;0m▄[48;2;0;0;0;38;2;0;0;0m▄[48;2;0;0;0;38;2;0;0;0m▄[48;2;252;42;87;38;2;254;77;50m▄[48;2;0;0;0;38;2;0;0;0m▄[48;2;254;73;54;38;2;0;0;0m▄[48;2;0;0;0;38;2;0;0;0m▄[48;2;247;30;103;38;2;0;0;0m▄[48;2;0;0;0;38;2;0;0;0m▄[48;2;0;0;0;38;2;0;0;0m▄[48;2;0;0;0;38;2;0;0;0m▄[48;2;0;0;0;38;2;0;0;0m▄[48;2;0;0;0;38;2;0;0;0m▄[48;2;0;0;0;38;2;0;0;0m▄[48;2;0;0;0;38;2;0;0;0m▄[48;2;0;0;0;38;2;0;0;0m▄[48;2;0;0;0;38;2;0;0;0m▄[48;2;0;0;0;38;2;0;0;0m▄[48;2;0;0;0;38;2;1;209;170m▄[48;2;0;0;0;38;2;250;38;93m▄[48;2;0;0;0;38;2;254;70;57m▄[48;2;7;151;224;38;2;0;0;0m▄[48;2;10;143;229;38;2;0;0;0m▄[48;2;156;5;220;38;2;133;14;234m▄[48;2;252;87;42;38;2;244;112;25m▄[48;2;0;0;0;38;2;82;46;253m▄[48;2;0;0;0;38;2;0;0;0m▄[48;2;0;0;0;38;2;0;0;0m▄[48;2;0;0;0;38;2;0;0;0m▄[48;2;0;0;0;38;2;0;0;0m▄[48;2;0;0;0;38;2;39;251;92m▄[48;2;0;0;0;38;2;0;0;0m▄[48;2;0;202;179;38;2;0;0;0m▄[48;2;0;0;0;38;2;0;0;0m▄[48;2;69;254;58;38;2;0;0;0m▄[48;2;0;0;0;38;2;0;0;0m▄[48;2;92;38;251;38;2;0;0;0m▄[48;2;0;0;0;38;2;79;49;253m▄[48;2;0;0;0;38;2;0;0;0m▄[48;2;156;220;5;38;2;74;254;53m▄[48;2;52;254;76;38;2;25;244;112m▄[48;2;28;246;108;38;2;19;240;122m▄[48;2;31;248;103;38;2;24;244;113m▄[48;2;39;251;91;38;2;37;250;94m▄[48;2;61;254;65;38;2;58;254;69m▄[48;2;85;252;44;38;2;84;252;44m▄[48;2;119;241;21;38;2;121;240;20m▄[48;2;178;202;0;38;2;180;201;0m▄[48;2;248;102;31;38;2;246;108;27m▄[48;2;185;196;0;38;2;0;0;0m▄[48;2;0;0;0;38;2;0;0;0m▄[48;2;0;0;0;38;2;0;0;0m▄[48;2;0;0;0;38;2;0;0;0m▄[48;2;185;196;0;38;2;0;0;0m▄[48;2;0;0;0;38;2;0;0;0m▄[48;2;217;160;4;38;2;242;118;22m▄[48;2;252;87;43;38;2;254;50;77m▄[48;2;0;0;0;38;2;0;0;0m▄[48;2;0;0;0;38;2;0;0;0m▄[48;2;0;200;181;38;2;63;254;64m▄[0m
[48;2;0;0;0;38;2;0;0;0m▄[48;2;24;243;114;38;2;240;20;121m▄[48;2;0;0;0;38;2;0;0;0m▄[48;2;7;224;151;38;2;11;139;231m▄[48;2;217;160;4;38;2;51;254;77m▄[48;2;0;0;0;38;2;106;28;246m▄[48;2;0;0;0;38;2;0;0;0m▄[48;2;0;0;0;38;2;0;0;0m▄[48;2;0;0;0;38;2;0;0;0m▄[48;2;0;0;0;38;2;0;0;0m▄[48;2;0;0;0;38;2;0;0;0m▄[48;2;0;0;0;38;2;0;0;0m▄[48;2;0;0;0;38;2;0;0;0m▄[48;2;0;0;0;38;2;253;46;82m▄[48;2;67;60;254;38;2;106;29;247m▄[48;2;138;11;231;38;2;182;0;200m▄[48;2;205;1;176;38;2;222;6;153m▄[48;2;214;3;164;38;2;225;7;148m▄[48;2;163;3;215;38;2;197;0;184m▄[48;2;46;83;253;38;2;0;0;0m▄[48;2;149;225;7;38;2;254;67;60m▄[48;2;0;0;0;38;2;13;135;233m▄[48;2;0;0;0;38;2;0;0;0m▄[48;2;218;4;158;38;2;141;230;10m▄[48;2;239;125;18;38;2;249;97;35m▄[48;2;0;0;0;38;2;0;0;0m▄[48;2;134;13;234;38;2;0;0;0m▄[48;2;0;0;0;38;2;0;0;0m▄[48;2;1;173;207;38;2;240;20;121m▄[48;2;0;0;0;38;2;0;0;0m▄[48;2;0;0;0;38;2;0;0;0m▄[48;2;0;0;0;38;2;0;0;0m▄[48;2;0;0;0;38;2;0;0;0m▄[48;2;0;0;0;38;2;0;0;0m▄[48;2;0;0;0;38;2;0;0;0m▄[48;2;0;0;0;38;2;0;0;0m▄[48;2;0;0;0;38;2;0;0;0m▄[48;2;0;0;0;38;2;0;0;0m▄[48;2;121;240;20;38;2;20;241;120m▄[48;2;123;239;19;38;2;194;187;0m▄[48;2;0;0;0;38;2;0;0;0m▄[48;2;113;244;24;38;2;0;0;0m▄[48;2;0;0;0;38;2;115;243;23m▄[48;2;78;50;253;38;2;11;139;231m▄[48;2;254;72;55;38;2;0;0;0m▄[48;2;0;0;0;38;2;205;176;1m▄[48;2;0;0;0;38;2;0;0;0m▄[48;2;0;0;0;38;2;0;0;0m▄[48;2;0;0;0;38;2;0;0;0m▄[48;2;0;0;0;38;2;0;0;0m▄[48;2;0;0;0;38;2;23;243;116m▄[48;2;51;77;254;38;2;167;2;212m▄[48;2;254;56;71;38;2;0;0;0m▄[48;2;0;0;0;38;2;0;0;0m▄[48;2;2;211;168;38;2;216;3;162m▄[48;2;0;0;0;38;2;245;26;110m▄[48;2;0;0;0;38;2;0;0;0m▄[48;2;10;141;230;38;2;0;0;0m▄[48;2;0;0;0;38;2;0;0;0m▄[48;2;35;249;96;38;2;17;238;126m▄[48;2;9;227;145;38;2;4;218;158m▄[48;2;13;233;136;38;2;7;223;151m▄[48;2;19;240;122;38;2;15;235;131m▄[48;2;32;248;101;38;2;28;246;107m▄[48;2;55;254;72;38;2;52;254;75m▄[48;2;85;252;44;38;2;86;252;43m▄[48;2;125;239;18;38;2;133;234;14m▄[48;2;182;199;0;38;2;185;196;0m▄[48;2;246;107;28;38;2;250;96;36m▄[48;2;0;0;0;38;2;0;0;0m▄[48;2;0;0;0;38;2;0;0;0m▄[48;2;0;0;0;38;2;0;0;0m▄[48;2;0;0;0;38;2;0;0;0m▄[48;2;0;0;0;38;2;131;235;15m▄[48;2;0;0;0;38;2;244;24;113m▄[48;2;254;61;66;38;2;164;3;214m▄[48;2;188;0;193;38;2;0;0;0m▄[48;2;0;0;0;38;2;0;0;0m▄[48;2;0;0;0;38;2;0;0;0m▄[48;2;250;35;96;38;2;0;0;0m▄[0m
[48;2;0;0;0;38;2;0;0;0m▄[48;2;8;226;147;38;2;0;185;196m▄[48;2;105;29;247;38;2;153;6;222m▄[48;2;36;96;250;38;2;32;101;248m▄[48;2;0;0;0;38;2;212;167;2m▄[48;2;200;0;181;38;2;0;0;0m▄[48;2;0;0;0;38;2;0;0;0m▄[48;2;182;0;199;38;2;0;0;0m▄[48;2;8;225;148;38;2;188;0;194m▄[48;2;0;0;0;38;2;0;0;0m▄[48;2;0;0;0;38;2;0;0;0m▄[48;2;0;0;0;38;2;0;0;0m▄[48;2;24;114;243;38;2;28;246;107m▄[48;2;90;251;40;38;2;84;252;44m▄[48;2;136;12;232;38;2;157;5;219m▄[48;2;197;0;184;38;2;209;1;171m▄[48;2;230;10;141;38;2;236;15;130m▄[48;2;235;14;131;38;2;242;22;116m▄[48;2;220;5;156;38;2;238;17;127m▄[48;2;0;0;0;38;2;176;1;205m▄[48;2;0;0;0;38;2;4;160;217m▄[48;2;232;12;137;38;2;249;35;96m▄[48;2;59;68;254;38;2;219;5;157m▄[48;2;60;254;67;38;2;81;47;253m▄[48;2;0;0;0;38;2;0;0;0m▄[48;2;0;0;0;38;2;20;240;121m▄[48;2;245;26;110;38;2;229;142;10m▄[48;2;178;0;203;38;2;0;0;0m▄[48;2;0;0;0;38;2;0;0;0m▄[48;2;0;0;0;38;2;0;0;0m▄[48;2;0;0;0;38;2;0;0;0m▄[48;2;0;0;0;38;2;0;0;0m▄[48;2;0;0;0;38;2;0;0;0m▄[48;2;0;0;0;38;2;0;0;0m▄[48;2;0;0;0;38;2;0;0;0m▄[48;2;0;0;0;38;2;0;0;0m▄[48;2;0;0;0;38;2;0;0;0m▄[48;2;0;0;0;38;2;0;0;0m▄[48;2;68;254;58;38;2;0;0;0m▄[48;2;0;0;0;38;2;40;89;251m▄[48;2;0;0;0;38;2;0;0;0m▄[48;2;207;173;1;38;2;0;0;0m▄[48;2;214;165;3;38;2;0;0;0m▄[48;2;0;0;0;38;2;105;247;29m▄[48;2;248;101;32;38;2;0;0;0m▄[48;2;164;214;3;38;2;74;254;53m▄[48;2;0;0;0;38;2;0;0;0m▄[48;2;0;0;0;38;2;0;0;0m▄[48;2;0;0;0;38;2;0;0;0m▄[48;2;0;0;0;38;2;0;0;0m▄[48;2;0;0;0;38;2;0;0;0m▄[48;2;79;48;253;38;2;253;45;83m▄[48;2;0;0;0;38;2;0;0;0m▄[48;2;0;0;0;38;2;0;0;0m▄[48;2;0;0;0;38;2;43;252;87m▄[48;2;189;0;193;38;2;188;194;0m▄[48;2;0;0;0;38;2;0;0;0m▄[48;2;175;205;1;38;2;27;245;109m▄[48;2;0;0;0;38;2;71;254;56m▄[48;2;6;222;153;38;2;0;204;177m▄[48;2;1;209;171;38;2;0;199;182m▄[48;2;4;217;160;38;2;2;211;168m▄[48;2;11;231;139;38;2;9;227;145m▄[48;2;24;244;113;38;2;22;242;118m▄[48;2;50;254;77;38;2;49;253;79m▄[48;2;88;252;41;38;2;92;251;38m▄[48;2;138;231;11;38;2;146;227;8m▄[48;2;191;191;0;38;2;198;183;0m▄[48;2;254;69;57;38;2;245;26;110m▄[48;2;0;0;0;38;2;0;0;0m▄[48;2;0;0;0;38;2;0;0;0m▄[48;2;0;0;0;38;2;0;0;0m▄[48;2;0;0;0;38;2;0;0;0m▄[48;2;0;0;0;38;2;240;122;19m▄[48;2;166;212;2;38;2;87;252;42m▄[48;2;0;0;0;38;2;0;0;0m▄[48;2;139;231;11;38;2;0;0;0m▄[48;2;0;0;0;38;2;0;0;0m▄[48;2;0;0;0;38;2;0;0;0m▄[48;2;0;0;0;38;2;0;0;0m▄[0m
[48;2;0;0;0;38;2;0;0;0m▄[48;2;0;0;0;38;2;0;0;0m▄[48;2;182;0;199;38;2;204;1;176m▄[48;2;32;101;248;38;2;78;49;253m▄[48;2;0;0;0;38;2;0;0;0m▄[48;2;49;253;79;38;2;0;0;0m▄[48;2;37;94;250;38;2;1;176;204m▄[48;2;0;0;0;38;2;63;254;63m▄[48;2;89;251;41;38;2;0;0;0m▄[48;2;0;0;0;38;2;0;0;0m▄[48;2;0;0;0;38;2;0;0;0m▄[48;2;0;0;0;38;2;0;0;0m▄[48;2;215;162;3;38;2;0;0;0m▄[48;2;39;91;251;38;2;67;60;254m▄[48;2;171;1;209;38;2;180;0;201m▄[48;2;221;6;154;38;2;226;8;147m▄[48;2;241;20;120;38;2;244;25;111m▄[48;2;246;27;108;38;2;250;37;94m▄[48;2;249;35;97;38;2;253;48;80m▄[48;2;230;10;141;38;2;250;37;93m▄[48;2;231;11;139;38;2;254;50;77m▄[48;2;254;65;62;38;2;251;92;38m▄[48;2;251;40;90;38;2;254;73;54m▄[48;2;106;28;246;38;2;0;0;0m▄[48;2;242;22;118;38;2;0;0;0m▄[48;2;0;0;0;38;2;0;0;0m▄[48;2;218;4;159;38;2;142;10;229m▄[48;2;0;0;0;38;2;0;0;0m▄[48;2;252;43;86;38;2;0;0;0m▄[48;2;0;0;0;38;2;0;0;0m▄[48;2;0;0;0;38;2;0;0;0m▄[48;2;0;0;0;38;2;0;0;0m▄[48;2;0;0;0;38;2;0;0;0m▄[48;2;0;0;0;38;2;0;0;0m▄[48;2;0;0;0;38;2;0;0;0m▄[48;2;0;0;0;38;2;0;0;0m▄[48;2;0;0;0;38;2;0;0;0m▄[48;2;229;10;142;38;2;0;0;0m▄[48;2;0;0;0;38;2;0;0;0m▄[48;2;0;0;0;38;2;0;0;0m▄[48;2;0;0;0;38;2;38;93;250m▄[48;2;4;217;160;38;2;0;0;0m▄[48;2;0;0;0;38;2;254;68;59m▄[48;2;0;0;0;38;2;0;0;0m▄[48;2;7;225;148;38;2;1;172;208m▄[48;2;33;249;100;38;2;4;219;158m▄[48;2;234;134;13;38;2;0;0;0m▄[48;2;0;0;0;38;2;0;0;0m▄[48;2;0;0;0;38;2;0;0;0m▄[48;2;223;6;151;38;2;97;249;34m▄[48;2;0;0;0;38;2;0;0;0m▄[48;2;0;0;0;38;2;6;222;153m▄[48;2;0;0;0;38;2;202;179;0m▄[48;2;0;0;0;38;2;229;10;142m▄[48;2;0;0;0;38;2;70;254;56m▄[48;2;50;253;78;38;2;2;212;166m▄[48;2;0;0;0;38;2;0;0;0m▄[48;2;1;206;174;38;2;0;181;200m▄[48;2;0;200;181;38;2;2;166;213m▄[48;2;0;188;194;38;2;1;171;209m▄[48;2;0;189;192;38;2;0;186;195m▄[48;2;1;205;176;38;2;0;199;182m▄[48;2;8;226;147;38;2;6;223;152m▄[48;2;19;240;122;38;2;18;239;125m▄[48;2;48;253;80;38;2;48;253;80m▄[48;2;99;249;33;38;2;110;245;26m▄[48;2;157;219;5;38;2;173;207;1m▄[48;2;208;171;1;38;2;226;148;8m▄[48;2;0;0;0;38;2;0;0;0m▄[48;2;0;0;0;38;2;135;13;233m▄[48;2;0;0;0;38;2;0;0;0m▄[48;2;0;0;0;38;2;0;0;0m▄[48;2;0;0;0;38;2;0;0;0m▄[48;2;196;186;0;38;2;232;12;138m▄[48;2;121;240;20;38;2;254;51;77m▄[48;2;0;0;0;38;2;148;8;226m▄[48;2;0;0;0;38;2;0;0;0m▄[48;2;0;0;0;38;2;0;0;0m▄[48;2;0;0;0;38;2;0;0;0m▄[48;2;224;7;150;38;2;0;0;0m▄[0m
[48;2;0;0;0;38;2;254;67;59m▄[48;2;0;0;0;38;2;85;44;252m▄[48;2;227;8;146;38;2;237;16;128m▄[48;2;180;0;201;38;2;248;32;100m▄[48;2;251;89;40;38;2;0;0;0m▄[48;2;0;0;0;38;2;0;0;0m▄[48;2;0;0;0;38;2;1;206;175m▄[48;2;0;0;0;38;2;187;0;195m▄[48;2;0;0;0;38;2;0;0;0m▄[48;2;0;0;0;38;2;0;0;0m▄[48;2;0;0;0;38;2;0;0;0m▄[48;2;0;0;0;38;2;0;0;0m▄[48;2;0;0;0;38;2;16;237;128m▄[48;2;78;50;253;38;2;75;52;254m▄[48;2;183;0;199;38;2;190;0;191m▄[48;2;230;11;140;38;2;234;13;134m▄[48;2;247;30;103;38;2;248;32;101m▄[48;2;253;46;83;38;2;254;54;73m▄[48;2;254;61;65;38;2;254;68;59m▄[48;2;254;65;62;38;2;252;85;44m▄[48;2;252;88;42;38;2;241;120;20m▄[48;2;245;111;26;38;2;235;132;14m▄[48;2;250;96;36;38;2;243;114;24m▄[48;2;236;15;130;38;2;88;41;252m▄[48;2;0;0;0;38;2;0;0;0m▄[48;2;0;0;0;38;2;0;0;0m▄[48;2;254;63;63;38;2;81;253;47m▄[48;2;0;0;0;38;2;0;0;0m▄[48;2;0;0;0;38;2;0;0;0m▄[48;2;0;0;0;38;2;0;0;0m▄[48;2;0;0;0;38;2;0;0;0m▄[48;2;0;0;0;38;2;0;0;0m▄[48;2;0;0;0;38;2;0;0;0m▄[48;2;0;0;0;38;2;0;0;0m▄[48;2;0;0;0;38;2;0;0;0m▄[48;2;0;0;0;38;2;0;0;0m▄[48;2;0;0;0;38;2;0;0;0m▄[48;2;0;0;0;38;2;61;254;66m▄[48;2;184;198;0;38;2;0;0;0m▄[48;2;72;55;254;38;2;208;172;1m▄[48;2;133;14;234;38;2;3;164;214m▄[48;2;0;0;0;38;2;0;0;0m▄[48;2;0;0;0;38;2;0;0;0m▄[48;2;0;0;0;38;2;0;0;0m▄[48;2;21;118;242;38;2;37;93;250m▄[48;2;0;177;204;38;2;9;145;227m▄[48;2;0;0;0;38;2;93;250;38m▄[48;2;0;0;0;38;2;37;93;250m▄[48;2;254;55;72;38;2;251;39;91m▄[48;2;0;0;0;38;2;0;190;192m▄[48;2;109;27;245;38;2;9;227;145m▄[48;2;10;142;229;38;2;33;99;249m▄[48;2;20;241;120;38;2;0;0;0m▄[48;2;179;0;202;38;2;75;254;52m▄[48;2;0;190;192;38;2;14;133;234m▄[48;2;4;158;218;38;2;20;121;240m▄[48;2;103;247;30;38;2;0;180;201m▄[48;2;7;150;224;38;2;16;127;237m▄[48;2;12;137;232;38;2;18;124;239m▄[48;2;5;156;220;38;2;12;138;232m▄[48;2;1;176;205;38;2;2;166;213m▄[48;2;0;193;188;38;2;0;188;193m▄[48;2;5;220;156;38;2;4;217;160m▄[48;2;17;237;127;38;2;16;237;128m▄[48;2;48;253;79;38;2;50;254;77m▄[48;2;121;240;20;38;2;153;222;6m▄[48;2;200;181;0;38;2;237;128;16m▄[48;2;240;122;19;38;2;249;99;33m▄[48;2;0;0;0;38;2;0;0;0m▄[48;2;185;0;197;38;2;171;209;1m▄[48;2;0;0;0;38;2;0;0;0m▄[48;2;0;0;0;38;2;0;0;0m▄[48;2;0;0;0;38;2;0;0;0m▄[48;2;0;0;0;38;2;28;246;107m▄[48;2;193;0;189;38;2;180;0;201m▄[48;2;0;185;196;38;2;0;0;0m▄[48;2;0;0;0;38;2;0;0;0m▄[48;2;0;0;0;38;2;0;0;0m▄[48;2;0;0;0;38;2;0;0;0m▄[48;2;0;0;0;38;2;252;85;44m▄[0m
[48;2;137;232;12;38;2;35;249;97m▄[48;2;119;21;241;38;2;121;19;240m▄[48;2;242;22;117;38;2;241;21;119m▄[48;2;254;73;54;38;2;246;106;28m▄[48;2;0;0;0;38;2;9;227;145m▄[48;2;0;0;0;38;2;0;0;0m▄[48;2;164;3;214;38;2;138;11;231m▄[48;2;2;169;210;38;2;0;0;0m▄[48;2;226;148;8;38;2;0;0;0m▄[48;2;0;0;0;38;2;0;0;0m▄[48;2;0;0;0;38;2;0;0;0m▄[48;2;0;0;0;38;2;0;0;0m▄[48;2;0;0;0;38;2;0;0;0m▄[48;2;54;73;254;38;2;168;211;2m▄[48;2;195;0;186;38;2;198;0;183m▄[48;2;237;16;129;38;2;239;18;124m▄[48;2;250;38;93;38;2;252;43;86m▄[48;2;254;62;65;38;2;254;70;57m▄[48;2;253;80;47;38;2;251;91;39m▄[48;2;248;103;31;38;2;242;118;21m▄[48;2;233;135;13;38;2;226;147;8m▄[48;2;224;150;7;38;2;209;170;1m▄[48;2;230;140;11;38;2;215;162;3m▄[48;2;0;0;0;38;2;165;3;213m▄[48;2;222;153;6;38;2;147;226;8m▄[48;2;31;103;247;38;2;235;15;131m▄[48;2;214;164;3;38;2;0;0;0m▄[48;2;0;0;0;38;2;244;25;112m▄[48;2;0;0;0;38;2;0;0;0m▄[48;2;0;0;0;38;2;0;0;0m▄[48;2;0;0;0;38;2;0;0;0m▄[48;2;0;0;0;38;2;0;0;0m▄[48;2;0;0;0;38;2;0;0;0m▄[48;2;0;0;0;38;2;0;0;0m▄[48;2;0;0;0;38;2;0;0;0m▄[48;2;0;0;0;38;2;0;0;0m▄[48;2;0;0;0;38;2;0;0;0m▄[48;2;0;0;0;38;2;0;0;0m▄[48;2;0;0;0;38;2;4;158;218m▄[48;2;114;24;243;38;2;0;0;0m▄[48;2;0;0;0;38;2;0;0;0m▄[48;2;0;0;0;38;2;254;70;56m▄[48;2;167;212;2;38;2;54;254;73m▄[48;2;22;118;242;38;2;63;64;254m▄[48;2;65;62;254;38;2;91;39;251m▄[48;2;38;92;251;38;2;60;67;254m▄[48;2;152;6;223;38;2;223;6;152m▄[48;2;0;0;0;38;2;0;0;0m▄[48;2;241;119;21;38;2;102;31;248m▄[48;2;17;127;238;38;2;37;94;250m▄[48;2;47;81;253;38;2;84;44;252m▄[48;2;56;70;254;38;2;82;46;253m▄[48;2;0;188;194;38;2;37;93;250m▄[48;2;14;234;133;38;2;5;220;157m▄[48;2;33;99;249;38;2;53;74;254m▄[48;2;37;93;250;38;2;57;70;254m▄[48;2;25;111;245;38;2;50;78;253m▄[48;2;28;106;246;38;2;38;93;250m▄[48;2;25;112;244;38;2;32;101;248m▄[48;2;15;129;236;38;2;19;121;240m▄[48;2;5;158;219;38;2;7;150;224m▄[48;2;0;186;195;38;2;0;181;200m▄[48;2;3;215;163;38;2;3;214;164m▄[48;2;16;237;128;38;2;17;238;127m▄[48;2;53;254;74;38;2;58;254;69m▄[48;2;231;138;11;38;2;0;0;0m▄[48;2;231;11;138;38;2;0;0;0m▄[48;2;254;62;65;38;2;244;24;114m▄[48;2;0;0;0;38;2;0;0;0m▄[48;2;0;0;0;38;2;0;0;0m▄[48;2;0;0;0;38;2;0;0;0m▄[48;2;0;0;0;38;2;0;0;0m▄[48;2;0;0;0;38;2;0;0;0m▄[48;2;205;1;175;38;2;0;0;0m▄[48;2;0;0;0;38;2;251;92;38m▄[48;2;0;0;0;38;2;0;0;0m▄[48;2;0;0;0;38;2;207;173;1m▄[48;2;0;0;0;38;2;0;0;0m▄[48;2;0;0;0;38;2;0;0;0m▄[48;2;0;0;0;38;2;0;0;0m▄[0m
[48;2;113;24;244;38;2;0;0;0m▄[48;2;104;30;247;38;2;58;69;254m▄[48;2;220;5;156;38;2;12;136;233m▄[48;2;226;147;8;38;2;184;197;0m▄[48;2;118;242;22;38;2;170;210;2m▄[48;2;105;30;247;38;2;38;92;251m▄[48;2;9;228;144;38;2;226;8;147m▄[48;2;0;0;0;38;2;0;0;0m▄[48;2;0;0;0;38;2;0;0;0m▄[48;2;0;0;0;38;2;0;0;0m▄[48;2;0;0;0;38;2;0;0;0m▄[48;2;0;0;0;38;2;0;0;0m▄[48;2;65;61;254;38;2;57;254;70m▄[48;2;0;0;0;38;2;0;0;0m▄[48;2;199;0;182;38;2;198;0;184m▄[48;2;241;21;119;38;2;243;23;115m▄[48;2;253;48;80;38;2;254;52;75m▄[48;2;254;76;51;38;2;253;82;46m▄[48;2;248;100;33;38;2;246;107;28m▄[48;2;237;128;16;38;2;233;136;13m▄[48;2;213;166;2;38;2;208;172;1m▄[48;2;200;181;0;38;2;191;191;0m▄[48;2;202;179;0;38;2;185;196;0m▄[48;2;231;11;139;38;2;212;167;2m▄[48;2;254;68;59;38;2;231;138;11m▄[48;2;183;0;198;38;2;0;0;0m▄[48;2;12;232;137;38;2;92;251;38m▄[48;2;252;87;42;38;2;253;79;49m▄[48;2;0;0;0;38;2;0;0;0m▄[48;2;0;0;0;38;2;0;0;0m▄[48;2;0;0;0;38;2;0;0;0m▄[48;2;0;0;0;38;2;0;0;0m▄[48;2;0;0;0;38;2;0;0;0m▄[48;2;0;0;0;38;2;0;0;0m▄[48;2;0;0;0;38;2;0;0;0m▄[48;2;0;0;0;38;2;0;0;0m▄[48;2;0;0;0;38;2;0;0;0m▄[48;2;20;240;121;38;2;0;0;0m▄[48;2;0;0;0;38;2;0;0;0m▄[48;2;0;0;0;38;2;0;0;0m▄[48;2;71;254;56;38;2;12;136;233m▄[48;2;197;185;0;38;2;0;185;197m▄[48;2;248;100;32;38;2;17;125;238m▄[48;2;94;37;250;38;2;115;23;243m▄[48;2;111;26;245;38;2;129;16;237m▄[48;2;82;46;253;38;2;103;31;248m▄[48;2;0;0;0;38;2;22;243;116m▄[48;2;172;1;208;38;2;201;0;180m▄[48;2;0;0;0;38;2;0;0;0m▄[48;2;60;66;254;38;2;83;45;253m▄[48;2;104;30;247;38;2;122;19;240m▄[48;2;104;30;247;38;2;123;19;240m▄[48;2;70;57;254;38;2;98;34;249m▄[48;2;33;100;248;38;2;75;52;254m▄[48;2;74;53;254;38;2;88;41;252m▄[48;2;80;48;253;38;2;92;38;251m▄[48;2;64;63;254;38;2;85;44;252m▄[48;2;49;78;253;38;2;59;67;254m▄[48;2;39;91;251;38;2;40;90;251m▄[48;2;24;114;243;38;2;27;108;246m▄[48;2;9;144;228;38;2;10;142;229m▄[48;2;1;176;204;38;2;1;172;207m▄[48;2;3;213;165;38;2;3;213;165m▄[48;2;18;239;123;38;2;21;242;118m▄[48;2;64;254;62;38;2;74;254;53m▄[48;2;251;92;38;38;2;197;0;184m▄[48;2;0;0;0;38;2;0;0;0m▄[48;2;202;0;179;38;2;113;24;244m▄[48;2;193;0;189;38;2;0;0;0m▄[48;2;52;254;75;38;2;97;249;35m▄[48;2;77;254;51;38;2;0;0;0m▄[48;2;0;0;0;38;2;0;0;0m▄[48;2;0;0;0;38;2;0;0;0m▄[48;2;0;0;0;38;2;0;0;0m▄[48;2;253;82;46;38;2;225;7;149m▄[48;2;0;0;0;38;2;65;254;62m▄[48;2;0;0;0;38;2;0;0;0m▄[48;2;0;0;0;38;2;0;0;0m▄[48;2;0;0;0;38;2;0;0;0m▄[48;2;0;0;0;38;2;0;0;0m▄[0m
[48;2;4;219;158;38;2;1;205;175m▄[48;2;237;128;16;38;2;0;0;0m▄[48;2;77;254;50;38;2;9;228;144m▄[48;2;129;236;15;38;2;72;254;55m▄[48;2;0;0;0;38;2;129;16;237m▄[48;2;0;0;0;38;2;0;195;187m▄[48;2;242;116;22;38;2;3;162;216m▄[48;2;1;206;174;38;2;0;0;0m▄[48;2;0;0;0;38;2;0;0;0m▄[48;2;0;0;0;38;2;0;0;0m▄[48;2;0;0;0;38;2;0;0;0m▄[48;2;0;0;0;38;2;0;0;0m▄[48;2;138;232;12;38;2;6;222;153m▄[48;2;172;207;1;38;2;233;13;135m▄[48;2;193;0;188;38;2;186;0;196m▄[48;2;246;28;107;38;2;247;31;103m▄[48;2;254;64;63;38;2;254;67;60m▄[48;2;252;86;43;38;2;251;90;40m▄[48;2;244;113;24;38;2;242;118;22m▄[48;2;229;142;10;38;2;226;147;8m▄[48;2;203;178;0;38;2;199;183;0m▄[48;2;182;199;0;38;2;174;206;1m▄[48;2;172;208;1;38;2;157;220;5m▄[48;2;166;212;2;38;2;144;228;9m▄[48;2;193;188;0;38;2;170;210;2m▄[48;2;236;15;130;38;2;220;5;156m▄[48;2;0;0;0;38;2;0;0;0m▄[48;2;214;164;3;38;2;157;5;219m▄[48;2;0;0;0;38;2;0;0;0m▄[48;2;0;0;0;38;2;0;0;0m▄[48;2;0;0;0;38;2;0;0;0m▄[48;2;0;0;0;38;2;0;0;0m▄[48;2;0;0;0;38;2;0;0;0m▄[48;2;0;0;0;38;2;0;0;0m▄[48;2;0;0;0;38;2;0;0;0m▄[48;2;0;0;0;38;2;0;0;0m▄[48;2;0;0;0;38;2;244;113;24m▄[48;2;26;109;245;38;2;0;0;0m▄[48;2;0;0;0;38;2;0;0;0m▄[48;2;254;67;59;38;2;2;167;212m▄[48;2;36;95;250;38;2;61;66;254m▄[48;2;55;72;254;38;2;82;46;253m▄[48;2;68;58;254;38;2;113;24;244m▄[48;2;129;16;236;38;2;148;8;225m▄[48;2;140;11;230;38;2;156;5;220m▄[48;2;132;14;235;38;2;149;7;224m▄[48;2;43;85;252;38;2;91;39;251m▄[48;2;0;0;0;38;2;0;0;0m▄[48;2;22;116;242;38;2;12;137;232m▄[48;2;102;31;248;38;2;132;14;235m▄[48;2;131;15;235;38;2;149;7;225m▄[48;2;134;13;234;38;2;150;7;224m▄[48;2;129;16;236;38;2;145;9;228m▄[48;2;106;29;246;38;2;134;13;234m▄[48;2;106;28;246;38;2;121;19;240m▄[48;2;104;30;247;38;2;114;24;243m▄[48;2;93;38;250;38;2;101;32;248m▄[48;2;69;58;254;38;2;81;47;253m▄[48;2;47;81;253;38;2;54;73;254m▄[48;2;31;102;248;38;2;34;97;249m▄[48;2;11;139;231;38;2;12;136;233m▄[48;2;2;170;210;38;2;2;168;211m▄[48;2;3;214;164;38;2;3;216;161m▄[48;2;26;245;110;38;2;35;250;96m▄[48;2;82;253;46;38;2;95;250;36m▄[48;2;254;51;76;38;2;223;6;151m▄[48;2;0;0;0;38;2;0;0;0m▄[48;2;0;185;196;38;2;254;69;58m▄[48;2;118;242;22;38;2;49;253;79m▄[48;2;0;0;0;38;2;177;0;203m▄[48;2;208;171;1;38;2;0;0;0m▄[48;2;0;0;0;38;2;251;91;39m▄[48;2;0;0;0;38;2;0;0;0m▄[48;2;0;0;0;38;2;0;0;0m▄[48;2;219;4;158;38;2;14;133;234m▄[48;2;0;0;0;38;2;83;253;46m▄[48;2;0;0;0;38;2;0;0;0m▄[48;2;251;39;91;38;2;88;252;42m▄[48;2;0;0;0;38;2;0;0;0m▄[48;2;0;0;0;38;2;192;0;189m▄[0m
[48;2;0;0;0;38;2;0;0;0m▄[48;2;231;139;11;38;2;15;236;130m▄[48;2;0;0;0;38;2;0;0;0m▄[48;2;20;241;120;38;2;1;208;171m▄[48;2;236;15;130;38;2;0;0;0m▄[48;2;0;0;0;38;2;101;248;32m▄[48;2;200;181;0;38;2;208;171;1m▄[48;2;0;0;0;38;2;0;0;0m▄[48;2;154;6;222;38;2;0;0;0m▄[48;2;0;0;0;38;2;0;0;0m▄[48;2;0;0;0;38;2;0;0;0m▄[48;2;2;167;212;38;2;0;0;0m▄[48;2;0;0;0;38;2;121;20;241m▄[48;2;0;0;0;38;2;0;0;0m▄[48;2;182;0;199;38;2;168;2;211m▄[48;2;248;33;100;38;2;249;34;98m▄[48;2;254;69;58;38;2;254;70;57m▄[48;2;251;93;38;38;2;250;94;37m▄[48;2;244;114;24;38;2;242;116;22m▄[48;2;223;151;6;38;2;221;154;6m▄[48;2;195;186;0;38;2;192;189;0m▄[48;2;174;206;1;38;2;166;213;2m▄[48;2;143;229;9;38;2;131;235;15m▄[48;2;118;242;22;38;2;105;247;29m▄[48;2;140;230;10;38;2;115;243;23m▄[48;2;177;0;203;38;2;137;12;232m▄[48;2;0;0;0;38;2;136;13;233m▄[48;2;166;213;2;38;2;0;0;0m▄[48;2;0;0;0;38;2;0;0;0m▄[48;2;0;0;0;38;2;0;0;0m▄[48;2;0;0;0;38;2;0;0;0m▄[48;2;0;0;0;38;2;0;0;0m▄[48;2;0;0;0;38;2;0;0;0m▄[48;2;0;0;0;38;2;0;0;0m▄[48;2;0;0;0;38;2;0;0;0m▄[48;2;0;0;0;38;2;0;0;0m▄[48;2;0;0;0;38;2;13;134;234m▄[48;2;182;199;0;38;2;234;13;134m▄[48;2;75;254;52;38;2;0;194;187m▄[48;2;25;112;244;38;2;44;84;252m▄[48;2;90;40;251;38;2;107;28;246m▄[48;2;113;24;244;38;2;132;14;235m▄[48;2;145;9;227;38;2;160;4;217m▄[48;2;163;3;215;38;2;182;0;199m▄[48;2;170;2;209;38;2;181;0;200m▄[48;2;165;3;214;38;2;178;0;203m▄[48;2;129;16;236;38;2;152;6;223m▄[48;2;222;152;6;38;2;0;0;0m▄[48;2;81;47;253;38;2;123;19;239m▄[48;2;150;7;224;38;2;166;2;213m▄[48;2;163;3;215;38;2;175;1;205m▄[48;2;163;3;215;38;2;178;0;203m▄[48;2;157;5;219;38;2;177;0;203m▄[48;2;147;8;226;38;2;158;4;219m▄[48;2;132;14;235;38;2;143;9;228m▄[48;2;124;18;239;38;2;132;14;235m▄[48;2;108;27;246;38;2;115;23;243m▄[48;2;87;42;252;38;2;92;38;251m▄[48;2;60;67;254;38;2;65;61;254m▄[48;2;37;93;250;38;2;38;92;251m▄[48;2;13;134;234;38;2;14;132;235m▄[48;2;2;168;211;38;2;2;169;211m▄[48;2;5;219;157;38;2;7;224;150m▄[48;2;45;253;83;38;2;66;254;61m▄[48;2;112;244;25;38;2;150;224;7m▄[48;2;0;0;0;38;2;252;45;84m▄[48;2;0;0;0;38;2;0;0;0m▄[48;2;82;46;253;38;2;226;8;146m▄[48;2;57;254;69;38;2;118;242;21m▄[48;2;68;254;58;38;2;99;249;33m▄[48;2;244;113;25;38;2;247;105;29m▄[48;2;165;213;3;38;2;36;250;95m▄[48;2;0;0;0;38;2;0;0;0m▄[48;2;0;0;0;38;2;112;25;244m▄[48;2;236;130;15;38;2;179;201;0m▄[48;2;0;0;0;38;2;5;157;220m▄[48;2;0;0;0;38;2;13;233;135m▄[48;2;0;0;0;38;2;0;0;0m▄[48;2;0;0;0;38;2;0;0;0m▄[48;2;222;6;154;38;2;0;0;0m▄[0m
[48;2;0;0;0;38;2;0;0;0m▄[48;2;0;0;0;38;2;0;0;0m▄[48;2;21;241;119;38;2;4;160;217m▄[48;2;6;154;221;38;2;45;83;253m▄[48;2;0;0;0;38;2;0;0;0m▄[48;2;80;48;253;38;2;11;230;140m▄[48;2;83;253;46;38;2;142;229;10m▄[48;2;0;0;0;38;2;114;24;243m▄[48;2;0;0;0;38;2;0;0;0m▄[48;2;2;210;169;38;2;93;250;38m▄[48;2;162;3;216;38;2;232;137;12m▄[48;2;81;47;253;38;2;0;0;0m▄[48;2;227;145;9;38;2;180;201;0m▄[48;2;204;177;0;38;2;0;177;203m▄[48;2;164;3;214;38;2;193;0;189m▄[48;2;250;35;96;38;2;250;36;95m▄[48;2;254;71;56;38;2;254;71;56m▄[48;2;250;95;36;38;2;250;96;36m▄[48;2;242;118;21;38;2;242;118;21m▄[48;2;220;156;5;38;2;220;156;5m▄[48;2;190;191;0;38;2;190;192;0m▄[48;2;159;218;4;38;2;153;222;6m▄[48;2;120;241;20;38;2;113;244;24m▄[48;2;93;250;38;38;2;82;253;47m▄[48;2;94;250;37;38;2;75;254;52m▄[48;2;0;0;0;38;2;226;147;8m▄[48;2;242;22;116;38;2;0;0;0m▄[48;2;212;167;2;38;2;7;225;149m▄[48;2;202;0;179;38;2;185;0;196m▄[48;2;0;0;0;38;2;173;207;1m▄[48;2;0;0;0;38;2;0;0;0m▄[48;2;0;0;0;38;2;0;0;0m▄[48;2;0;0;0;38;2;0;0;0m▄[48;2;0;0;0;38;2;0;0;0m▄[48;2;0;0;0;38;2;0;0;0m▄[48;2;0;0;0;38;2;0;0;0m▄[48;2;225;7;149;38;2;152;6;223m▄[48;2;142;229;10;38;2;77;254;51m▄[48;2;2;166;212;38;2;6;153;222m▄[48;2;62;65;254;38;2;75;52;254m▄[48;2;121;20;240;38;2;133;14;234m▄[48;2;149;7;225;38;2;162;3;216m▄[48;2;181;0;200;38;2;189;0;192m▄[48;2;191;0;191;38;2;198;0;183m▄[48;2;191;0;190;38;2;200;0;181m▄[48;2;184;0;198;38;2;195;0;186m▄[48;2;171;1;208;38;2;184;0;197m▄[48;2;67;60;254;38;2;159;4;218m▄[48;2;152;6;223;38;2;175;1;205m▄[48;2;179;0;202;38;2;185;0;196m▄[48;2;182;0;199;38;2;192;0;189m▄[48;2;186;0;195;38;2;194;0;188m▄[48;2;184;0;197;38;2;190;0;191m▄[48;2;177;0;203;38;2;183;0;198m▄[48;2;153;6;222;38;2;161;4;216m▄[48;2;133;13;234;38;2;142;10;229m▄[48;2;122;19;240;38;2;127;16;237m▄[48;2;97;34;249;38;2;102;31;248m▄[48;2;70;57;254;38;2;74;53;254m▄[48;2;42;88;252;38;2;44;84;252m▄[48;2;14;132;235;38;2;14;133;234m▄[48;2;1;171;209;38;2;1;175;205m▄[48;2;17;237;127;38;2;32;248;101m▄[48;2;137;232;12;38;2;221;5;155m▄[48;2;190;192;0;38;2;238;126;17m▄[48;2;0;0;0;38;2;9;228;144m▄[48;2;0;0;0;38;2;0;0;0m▄[48;2;213;165;3;38;2;0;0;0m▄[48;2;234;134;13;38;2;0;0;0m▄[48;2;82;253;46;38;2;0;191;191m▄[48;2;160;217;4;38;2;0;0;0m▄[48;2;22;242;117;38;2;0;0;0m▄[48;2;0;0;0;38;2;0;0;0m▄[48;2;0;0;0;38;2;0;0;0m▄[48;2;212;167;2;38;2;252;85;43m▄[48;2;191;191;0;38;2;0;0;0m▄[48;2;0;0;0;38;2;0;0;0m▄[48;2;0;0;0;38;2;0;0;0m▄[48;2;0;0;0;38;2;0;0;0m▄[48;2;0;0;0;38;2;0;0;0m▄[0m
[48;2;0;0;0;38;2;71;56;254m▄[48;2;0;0;0;38;2;250;95;36m▄[48;2;69;58;254;38;2;108;27;246m▄[48;2;90;40;251;38;2;155;5;221m▄[48;2;0;0;0;38;2;254;64;62m▄[48;2;196;0;185;38;2;249;34;98m▄[48;2;0;0;0;38;2;185;0;196m▄[48;2;0;181;200;38;2;70;56;254m▄[48;2;235;132;14;38;2;12;232;138m▄[48;2;199;182;0;38;2;0;0;0m▄[48;2;0;0;0;38;2;42;88;252m▄[48;2;0;0;0;38;2;13;234;134m▄[48;2;0;0;0;38;2;0;0;0m▄[48;2;71;55;254;38;2;117;22;242m▄[48;2;206;1;174;38;2;215;3;162m▄[48;2;250;36;95;38;2;250;36;95m▄[48;2;254;71;56;38;2;254;70;57m▄[48;2;250;95;36;38;2;250;93;37m▄[48;2;242;117;22;38;2;243;116;23m▄[48;2;220;156;5;38;2;222;153;6m▄[48;2;190;191;0;38;2;193;189;0m▄[48;2;150;224;7;38;2;148;226;8m▄[48;2;107;246;28;38;2;102;248;31m▄[48;2;71;254;55;38;2;66;254;60m▄[48;2;61;254;66;38;2;46;253;82m▄[48;2;76;254;52;38;2;50;253;78m▄[48;2;215;162;3;38;2;118;242;21m▄[48;2;13;234;133;38;2;0;0;0m▄[48;2;120;20;241;38;2;140;230;11m▄[48;2;0;0;0;38;2;116;242;22m▄[48;2;0;0;0;38;2;0;0;0m▄[48;2;0;0;0;38;2;0;0;0m▄[48;2;0;0;0;38;2;0;0;0m▄[48;2;0;0;0;38;2;0;0;0m▄[48;2;0;0;0;38;2;0;0;0m▄[48;2;10;141;230;38;2;0;0;0m▄[48;2;54;73;254;38;2;171;209;1m▄[48;2;75;254;52;38;2;102;248;31m▄[48;2;6;152;223;38;2;2;168;211m▄[48;2;80;48;253;38;2;86;43;252m▄[48;2;138;11;231;38;2;150;7;224m▄[48;2;176;1;204;38;2;184;0;198m▄[48;2;196;0;185;38;2;202;0;178m▄[48;2;205;1;175;38;2;211;2;168m▄[48;2;208;1;172;38;2;214;3;164m▄[48;2;205;1;175;38;2;213;3;165m▄[48;2;198;0;183;38;2;209;1;170m▄[48;2;191;0;190;38;2;205;1;176m▄[48;2;192;0;190;38;2;204;1;176m▄[48;2;197;0;184;38;2;207;1;174m▄[48;2;201;0;180;38;2;208;1;172m▄[48;2;200;0;181;38;2;206;1;174m▄[48;2;196;0;185;38;2;201;0;180m▄[48;2;188;0;194;38;2;193;0;189m▄[48;2;168;2;211;38;2;180;0;201m▄[48;2;149;7;224;38;2;156;5;220m▄[48;2;133;14;234;38;2;132;14;235m▄[48;2;106;29;246;38;2;110;26;245m▄[48;2;77;50;254;38;2;80;48;253m▄[48;2;46;82;253;38;2;48;80;253m▄[48;2;13;135;233;38;2;11;139;231m▄[48;2;0;181;200;38;2;0;195;186m▄[48;2;51;254;76;38;2;61;254;66m▄[48;2;0;0;0;38;2;0;0;0m▄[48;2;250;37;94;38;2;181;0;200m▄[48;2;32;101;248;38;2;34;97;249m▄[48;2;210;170;2;38;2;0;0;0m▄[48;2;46;83;253;38;2;74;254;53m▄[48;2;0;0;0;38;2;0;0;0m▄[48;2;113;24;244;38;2;40;89;251m▄[48;2;18;123;239;38;2;0;0;0m▄[48;2;0;0;0;38;2;0;0;0m▄[48;2;0;0;0;38;2;0;0;0m▄[48;2;0;0;0;38;2;210;170;2m▄[48;2;59;67;254;38;2;0;0;0m▄[48;2;0;0;0;38;2;0;0;0m▄[48;2;0;0;0;38;2;0;0;0m▄[48;2;0;0;0;38;2;0;0;0m▄[48;2;0;0;0;38;2;0;0;0m▄[48;2;0;0;0;38;2;0;0;0m▄[0m
[48;2;6;153;222;38;2;139;231;11m▄[48;2;18;239;125;38;2;18;124;239m▄[48;2;145;9;227;38;2;180;0;201m▄[48;2;189;0;193;38;2;218;4;159m▄[48;2;96;35;249;38;2;235;14;132m▄[48;2;254;64;63;38;2;250;96;36m▄[48;2;239;18;124;38;2;241;120;20m▄[48;2;253;79;49;38;2;213;165;3m▄[48;2;0;0;0;38;2;0;0;0m▄[48;2;0;0;0;38;2;254;62;64m▄[48;2;0;0;0;38;2;83;253;45m▄[48;2;0;0;0;38;2;0;0;0m▄[48;2;0;0;0;38;2;0;0;0m▄[48;2;137;12;232;38;2;158;4;219m▄[48;2;218;4;158;38;2;221;5;154m▄[48;2;249;35;97;38;2;249;34;98m▄[48;2;254;68;59;38;2;254;66;61m▄[48;2;251;91;39;38;2;252;88;42m▄[48;2;244;113;24;38;2;244;114;24m▄[48;2;224;150;7;38;2;228;144;9m▄[48;2;197;184;0;38;2;203;177;0m▄[48;2;148;226;8;38;2;150;224;7m▄[48;2;98;249;34;38;2;97;249;35m▄[48;2;57;254;70;38;2;49;253;79m▄[48;2;33;248;100;38;2;25;244;112m▄[48;2;28;246;107;38;2;18;239;124m▄[48;2;87;252;42;38;2;58;254;68m▄[48;2;0;0;0;38;2;0;0;0m▄[48;2;0;0;0;38;2;237;128;16m▄[48;2;0;0;0;38;2;0;0;0m▄[48;2;0;0;0;38;2;0;0;0m▄[48;2;0;0;0;38;2;0;0;0m▄[48;2;0;0;0;38;2;0;0;0m▄[48;2;0;0;0;38;2;0;0;0m▄[48;2;0;0;0;38;2;0;0;0m▄[48;2;0;0;0;38;2;160;4;217m▄[48;2;0;0;0;38;2;0;0;0m▄[48;2;171;208;1;38;2;245;111;26m▄[48;2;10;230;141;38;2;0;0;0m▄[48;2;91;39;251;38;2;94;37;250m▄[48;2;160;4;217;38;2;168;2;211m▄[48;2;191;0;191;38;2;197;0;184m▄[48;2;208;1;171;38;2;214;3;165m▄[48;2;217;4;161;38;2;222;6;154m▄[48;2;220;5;156;38;2;221;6;154m▄[48;2;219;5;158;38;2;225;7;149m▄[48;2;221;5;155;38;2;226;8;146m▄[48;2;221;5;154;38;2;226;8;146m▄[48;2;220;5;157;38;2;225;7;149m▄[48;2;214;3;164;38;2;222;6;153m▄[48;2;214;3;164;38;2;219;5;157m▄[48;2;211;2;168;38;2;216;3;161m▄[48;2;206;1;174;38;2;211;2;169m▄[48;2;197;0;184;38;2;202;0;179m▄[48;2;184;0;197;38;2;188;0;194m▄[48;2;162;3;216;38;2;167;2;212m▄[48;2;138;12;232;38;2;143;9;229m▄[48;2;113;24;244;38;2;116;23;243m▄[48;2;82;46;253;38;2;83;45;253m▄[48;2;48;80;253;38;2;48;80;253m▄[48;2;9;143;228;38;2;5;156;220m▄[48;2;1;207;173;38;2;7;224;151m▄[48;2;82;253;47;38;2;140;230;11m▄[48;2;0;0;0;38;2;0;0;0m▄[48;2;99;33;249;38;2;15;131;235m▄[48;2;0;0;0;38;2;3;163;215m▄[48;2;178;203;0;38;2;54;254;73m▄[48;2;235;14;132;38;2;38;92;251m▄[48;2;0;0;0;38;2;140;11;230m▄[48;2;217;160;4;38;2;146;227;8m▄[48;2;240;121;20;38;2;78;49;253m▄[48;2;0;0;0;38;2;0;0;0m▄[48;2;0;0;0;38;2;0;0;0m▄[48;2;2;168;211;38;2;161;4;217m▄[48;2;0;0;0;38;2;0;0;0m▄[48;2;0;0;0;38;2;0;0;0m▄[48;2;0;0;0;38;2;0;0;0m▄[48;2;0;0;0;38;2;0;0;0m▄[48;2;0;0;0;38;2;0;0;0m▄[48;2;0;0;0;38;2;0;0;0m▄[0m
[48;2;0;0;0;38;2;0;0;0m▄[48;2;48;79;253;38;2;84;44;252m▄[48;2;193;0;189;38;2;202;0;179m▄[48;2;232;12;137;38;2;241;20;120m▄[48;2;252;44;85;38;2;254;65;62m▄[48;2;239;124;18;38;2;232;137;12m▄[48;2;207;173;1;38;2;186;195;0m▄[48;2;161;216;4;38;2;122;240;19m▄[48;2;134;234;13;38;2;71;254;56m▄[48;2;236;15;130;38;2;51;254;77m▄[48;2;0;0;0;38;2;49;253;79m▄[48;2;254;54;73;38;2;0;0;0m▄[48;2;0;176;204;38;2;76;52;254m▄[48;2;180;0;201;38;2;187;0;194m▄[48;2;223;6;152;38;2;224;7;150m▄[48;2;248;32;101;38;2;247;30;104m▄[48;2;254;57;70;38;2;254;54;73m▄[48;2;253;84;45;38;2;253;79;49m▄[48;2;246;108;27;38;2;248;101;32m▄[48;2;232;137;12;38;2;237;128;16m▄[48;2;213;166;2;38;2;219;158;4m▄[48;2;156;220;5;38;2;166;213;2m▄[48;2;97;249;35;38;2;100;248;33m▄[48;2;43;252;86;38;2;38;251;92m▄[48;2;18;239;124;38;2;13;233;135m▄[48;2;11;230;140;38;2;7;225;148m▄[48;2;34;249;98;38;2;16;237;129m▄[48;2;30;104;247;38;2;116;243;23m▄[48;2;35;249;97;38;2;55;72;254m▄[48;2;247;104;30;38;2;182;199;0m▄[48;2;101;248;32;38;2;0;0;0m▄[48;2;33;248;100;38;2;0;0;0m▄[48;2;0;0;0;38;2;93;38;250m▄[48;2;83;45;253;38;2;71;254;56m▄[48;2;0;0;0;38;2;0;182;199m▄[48;2;0;0;0;38;2;0;0;0m▄[48;2;0;0;0;38;2;28;246;106m▄[48;2;250;37;94;38;2;223;6;152m▄[48;2;198;183;0;38;2;0;0;0m▄[48;2;97;35;249;38;2;99;33;249m▄[48;2;176;1;205;38;2;182;0;199m▄[48;2;203;0;178;38;2;209;1;171m▄[48;2;219;4;158;38;2;219;4;158m▄[48;2;221;6;154;38;2;227;8;146m▄[48;2;227;8;146;38;2;231;11;138m▄[48;2;230;10;141;38;2;234;13;134m▄[48;2;231;11;139;38;2;235;14;132m▄[48;2;231;11;139;38;2;235;14;132m▄[48;2;230;10;141;38;2;233;13;134m▄[48;2;227;8;146;38;2;231;11;139m▄[48;2;222;6;153;38;2;227;8;146m▄[48;2;220;5;155;38;2;220;5;156m▄[48;2;215;3;164;38;2;218;4;159m▄[48;2;205;1;175;38;2;209;1;170m▄[48;2;192;0;190;38;2;195;0;186m▄[48;2;172;1;208;38;2;176;1;204m▄[48;2;148;8;226;38;2;152;6;223m▄[48;2;118;21;242;38;2;120;20;241m▄[48;2;83;45;253;38;2;83;45;253m▄[48;2;46;82;253;38;2;44;85;252m▄[48;2;0;177;203;38;2;6;223;152m▄[48;2;18;239;124;38;2;52;254;75m▄[48;2;39;91;251;38;2;0;0;0m▄[48;2;0;0;0;38;2;0;0;0m▄[48;2;0;0;0;38;2;15;236;131m▄[48;2;0;202;179;38;2;13;134;234m▄[48;2;246;27;108;38;2;0;0;0m▄[48;2;49;253;79;38;2;0;0;0m▄[48;2;0;0;0;38;2;0;0;0m▄[48;2;0;0;0;38;2;249;99;33m▄[48;2;0;0;0;38;2;0;0;0m▄[48;2;0;0;0;38;2;237;129;16m▄[48;2;0;0;0;38;2;0;0;0m▄[48;2;137;12;232;38;2;73;254;54m▄[48;2;0;0;0;38;2;0;0;0m▄[48;2;0;0;0;38;2;0;0;0m▄[48;2;0;0;0;38;2;0;0;0m▄[48;2;0;0;0;38;2;0;0;0m▄[48;2;0;0;0;38;2;0;0;0m▄[48;2;48;80;253;38;2;0;0;0m▄[0m
[48;2;0;0;0;38;2;0;0;0m▄[48;2;90;40;251;38;2;79;49;253m▄[48;2;208;1;172;38;2;212;2;167m▄[48;2;246;29;106;38;2;249;35;96m▄[48;2;254;74;53;38;2;253;80;48m▄[48;2;227;145;9;38;2;225;149;7m▄[48;2;171;209;1;38;2;166;212;2m▄[48;2;101;248;32;38;2;85;252;44m▄[48;2;39;251;91;38;2;25;245;111m▄[48;2;8;226;147;38;2;0;200;181m▄[48;2;0;194;187;38;2;12;136;233m▄[48;2;4;161;216;38;2;52;75;254m▄[48;2;107;28;246;38;2;128;16;237m▄[48;2;192;0;190;38;2;194;0;187m▄[48;2;225;7;149;38;2;225;7;148m▄[48;2;246;28;107;38;2;246;27;108m▄[48;2;254;51;77;38;2;253;47;81m▄[48;2;254;73;54;38;2;254;67;60m▄[48;2;251;92;38;38;2;253;82;46m▄[48;2;242;117;22;38;2;250;95;36m▄[48;2;232;137;12;38;2;249;99;33m▄[48;2;194;187;0;38;2;238;127;17m▄[48;2;108;246;28;38;2;123;240;19m▄[48;2;35;250;96;38;2;34;249;98m▄[48;2;9;227;145;38;2;6;222;153m▄[48;2;2;212;166;38;2;0;200;181m▄[48;2;3;215;163;38;2;0;189;193m▄[48;2;35;249;97;38;2;8;226;146m▄[48;2;245;27;109;38;2;252;43;86m▄[48;2;64;254;62;38;2;0;0;0m▄[48;2;0;0;0;38;2;78;253;49m▄[48;2;1;172;208;38;2;237;16;129m▄[48;2;45;253;83;38;2;102;248;31m▄[48;2;0;0;0;38;2;0;0;0m▄[48;2;237;16;129;38;2;5;219;157m▄[48;2;0;0;0;38;2;57;69;254m▄[48;2;0;0;0;38;2;132;14;235m▄[48;2;147;8;226;38;2;0;0;0m▄[48;2;15;130;236;38;2;0;0;0m▄[48;2;103;31;248;38;2;107;28;246m▄[48;2;182;0;199;38;2;190;0;192m▄[48;2;214;3;164;38;2;218;4;159m▄[48;2;224;7;150;38;2;229;10;143m▄[48;2;231;11;139;38;2;235;14;132m▄[48;2;235;14;131;38;2;238;18;125m▄[48;2;237;17;127;38;2;240;20;121m▄[48;2;238;17;125;38;2;245;26;110m▄[48;2;238;17;126;38;2;245;27;109m▄[48;2;237;16;128;38;2;240;19;122m▄[48;2;234;14;133;38;2;237;17;127m▄[48;2;230;11;140;38;2;234;13;134m▄[48;2;224;7;150;38;2;228;9;144m▄[48;2;222;6;154;38;2;220;5;156m▄[48;2;212;2;166;38;2;216;3;162m▄[48;2;199;0;183;38;2;202;0;179m▄[48;2;178;0;203;38;2;180;0;201m▄[48;2;155;5;221;38;2;158;4;218m▄[48;2;121;20;240;38;2;122;19;240m▄[48;2;81;47;253;38;2;78;50;253m▄[48;2;40;90;251;38;2;28;107;246m▄[48;2;12;136;233;38;2;21;241;119m▄[48;2;173;207;1;38;2;0;0;0m▄[48;2;0;0;0;38;2;138;231;11m▄[48;2;0;0;0;38;2;0;0;0m▄[48;2;252;44;85;38;2;0;0;0m▄[48;2;0;197;184;38;2;0;0;0m▄[48;2;0;0;0;38;2;0;0;0m▄[48;2;115;243;23;38;2;183;0;198m▄[48;2;0;0;0;38;2;0;0;0m▄[48;2;0;0;0;38;2;0;0;0m▄[48;2;155;221;5;38;2;0;0;0m▄[48;2;35;249;97;38;2;0;0;0m▄[48;2;0;0;0;38;2;0;0;0m▄[48;2;0;0;0;38;2;105;29;247m▄[48;2;0;0;0;38;2;0;0;0m▄[48;2;0;0;0;38;2;0;0;0m▄[48;2;0;0;0;38;2;0;0;0m▄[48;2;0;0;0;38;2;0;0;0m▄[48;2;0;0;0;38;2;0;0;0m▄[48;2;0;0;0;38;2;42;88;252m▄[0m
[48;2;0;0;0;38;2;180;0;201m▄[48;2;51;76;254;38;2;0;0;0m▄[48;2;214;3;164;38;2;219;5;157m▄[48;2;251;39;91;38;2;251;41;89m▄[48;2;253;82;46;38;2;253;81;47m▄[48;2;225;148;8;38;2;229;142;10m▄[48;2;168;211;2;38;2;169;210;2m▄[48;2;77;254;51;38;2;75;254;52m▄[48;2;15;236;130;38;2;10;229;142m▄[48;2;0;187;195;38;2;2;168;211m▄[48;2;24;113;244;38;2;34;98;249m▄[48;2;80;48;253;38;2;89;41;251m▄[48;2;133;14;234;38;2;142;10;229m▄[48;2;195;0;186;38;2;196;0;186m▄[48;2;225;7;149;38;2;224;7;150m▄[48;2;245;26;111;38;2;243;24;114m▄[48;2;252;42;87;38;2;251;38;93m▄[48;2;254;61;65;38;2;254;55;72m▄[48;2;254;71;56;38;2;254;66;61m▄[48;2;254;73;54;38;2;254;56;70m▄[48;2;251;40;89;38;2;233;136;13m▄[48;2;207;1;173;38;2;19;240;122m▄[48;2;191;191;0;38;2;253;49;79m▄[48;2;35;249;97;38;2;38;251;92m▄[48;2;3;215;163;38;2;1;209;171m▄[48;2;0;190;192;38;2;0;179;202m▄[48;2;1;175;205;38;2;4;161;216m▄[48;2;1;206;174;38;2;0;182;199m▄[48;2;0;0;0;38;2;250;37;94m▄[48;2;0;0;0;38;2;5;155;221m▄[48;2;81;253;47;38;2;49;79;253m▄[48;2;19;240;122;38;2;24;244;113m▄[48;2;0;0;0;38;2;0;0;0m▄[48;2;94;37;250;38;2;0;0;0m▄[48;2;177;203;0;38;2;0;0;0m▄[48;2;0;204;177;38;2;0;0;0m▄[48;2;0;0;0;38;2;0;177;203m▄[48;2;99;249;33;38;2;4;217;160m▄[48;2;0;0;0;38;2;0;0;0m▄[48;2;111;25;244;38;2;114;24;243m▄[48;2;197;0;184;38;2;204;0;177m▄[48;2;223;6;151;38;2;228;9;144m▄[48;2;233;13;136;38;2;236;16;129m▄[48;2;238;17;125;38;2;241;21;119m▄[48;2;241;21;119;38;2;244;24;113m▄[48;2;245;27;109;38;2;247;30;104m▄[48;2;247;29;105;38;2;248;32;101m▄[48;2;247;29;105;38;2;248;32;101m▄[48;2;246;28;107;38;2;248;31;103m▄[48;2;240;20;121;38;2;246;28;107m▄[48;2;237;16;128;38;2;239;19;123m▄[48;2;232;12;138;38;2;235;14;133m▄[48;2;224;7;151;38;2;227;9;145m▄[48;2;219;4;158;38;2;221;6;154m▄[48;2;205;1;176;38;2;207;1;173m▄[48;2;183;0;198;38;2;185;0;196m▄[48;2;161;4;216;38;2;163;3;215m▄[48;2;127;16;237;38;2;129;16;237m▄[48;2;73;54;254;38;2;65;62;254m▄[48;2;20;120;241;38;2;11;138;231m▄[48;2;151;224;7;38;2;166;212;2m▄[48;2;0;0;0;38;2;0;0;0m▄[48;2;2;210;169;38;2;1;205;175m▄[48;2;126;238;17;38;2;187;195;0m▄[48;2;157;220;5;38;2;24;244;113m▄[48;2;0;0;0;38;2;49;253;79m▄[48;2;172;208;1;38;2;118;242;21m▄[48;2;158;4;219;38;2;53;254;74m▄[48;2;0;0;0;38;2;0;0;0m▄[48;2;0;0;0;38;2;0;0;0m▄[48;2;254;66;60;38;2;191;0;191m▄[48;2;0;0;0;38;2;0;0;0m▄[48;2;0;0;0;38;2;0;0;0m▄[48;2;251;90;40;38;2;253;82;46m▄[48;2;253;49;79;38;2;0;0;0m▄[48;2;0;0;0;38;2;0;0;0m▄[48;2;0;0;0;38;2;0;0;0m▄[48;2;0;0;0;38;2;0;0;0m▄[48;2;243;24;114;38;2;148;7;225m▄[48;2;62;65;254;38;2;0;0;0m▄[0m
[48;2;0;0;0;38;2;0;0;0m▄[48;2;54;254;73;38;2;0;0;0m▄[48;2;221;5;155;38;2;221;5;155m▄[48;2;251;41;89;38;2;251;39;91m▄[48;2;254;77;50;38;2;254;71;56m▄[48;2;236;130;15;38;2;244;111;25m▄[48;2;182;199;0;38;2;205;175;1m▄[48;2;82;253;46;38;2;104;247;30m▄[48;2;8;226;146;38;2;9;228;144m▄[48;2;5;157;219;38;2;7;150;224m▄[48;2;37;93;250;38;2;45;83;253m▄[48;2;96;36;250;38;2;100;33;248m▄[48;2;148;8;226;38;2;151;6;223m▄[48;2;195;0;187;38;2;193;0;188m▄[48;2;223;7;151;38;2;222;6;153m▄[48;2;242;22;118;38;2;240;19;122m▄[48;2;249;33;99;38;2;246;28;107m▄[48;2;253;48;80;38;2;252;41;88m▄[48;2;254;56;71;38;2;253;46;82m▄[48;2;251;38;92;38;2;238;18;125m▄[48;2;0;0;0;38;2;0;0;0m▄[48;2;0;0;0;38;2;19;240;122m▄[48;2;208;1;172;38;2;0;0;0m▄[48;2;49;253;79;38;2;78;253;50m▄[48;2;0;203;177;38;2;0;199;182m▄[48;2;2;168;211;38;2;4;158;219m▄[48;2;8;147;226;38;2;10;141;230m▄[48;2;4;161;216;38;2;11;140;230m▄[48;2;6;153;222;38;2;72;254;55m▄[48;2;0;0;0;38;2;0;0;0m▄[48;2;27;108;246;38;2;14;235;131m▄[48;2;234;134;13;38;2;10;229;143m▄[48;2;4;160;217;38;2;5;154;221m▄[48;2;36;95;250;38;2;0;0;0m▄[48;2;0;0;0;38;2;252;86;43m▄[48;2;13;135;233;38;2;180;0;201m▄[48;2;197;0;185;38;2;64;254;63m▄[48;2;86;43;252;38;2;1;175;206m▄[48;2;0;0;0;38;2;250;95;36m▄[48;2;111;25;245;38;2;111;25;245m▄[48;2;210;2;169;38;2;222;6;154m▄[48;2;232;12;138;38;2;235;14;131m▄[48;2;239;19;123;38;2;242;22;117m▄[48;2;244;24;114;38;2;246;27;108m▄[48;2;246;29;106;38;2;248;32;101m▄[48;2;248;33;100;38;2;250;36;96m▄[48;2;249;35;97;38;2;250;37;93m▄[48;2;249;35;97;38;2;250;38;93m▄[48;2;249;33;99;38;2;250;36;95m▄[48;2;247;30;104;38;2;248;33;100m▄[48;2;242;21;118;38;2;246;28;108m▄[48;2;237;16;128;38;2;240;19;123m▄[48;2;230;11;140;38;2;233;13;135m▄[48;2;220;5;156;38;2;223;6;151m▄[48;2;210;2;169;38;2;212;2;166m▄[48;2;188;0;194;38;2;190;0;192m▄[48;2;165;3;214;38;2;166;2;213m▄[48;2;129;16;236;38;2;129;16;237m▄[48;2;53;74;254;38;2;40;90;251m▄[48;2;6;151;223;38;2;0;183;198m▄[48;2;0;0;0;38;2;70;254;56m▄[48;2;0;0;0;38;2;0;0;0m▄[48;2;0;0;0;38;2;0;0;0m▄[48;2;4;158;219;38;2;195;186;0m▄[48;2;57;254;70;38;2;0;0;0m▄[48;2;217;4;161;38;2;0;0;0m▄[48;2;0;0;0;38;2;0;0;0m▄[48;2;249;33;99;38;2;254;68;59m▄[48;2;0;0;0;38;2;0;0;0m▄[48;2;0;0;0;38;2;0;0;0m▄[48;2;188;0;194;38;2;0;0;0m▄[48;2;0;0;0;38;2;0;0;0m▄[48;2;0;0;0;38;2;0;0;0m▄[48;2;207;1;174;38;2;0;0;0m▄[48;2;0;0;0;38;2;0;0;0m▄[48;2;0;0;0;38;2;0;0;0m▄[48;2;0;0;0;38;2;0;0;0m▄[48;2;0;0;0;38;2;220;156;5m▄[48;2;238;18;125;38;2;190;0;191m▄[48;2;142;229;10;38;2;0;0;0m▄[0m
[48;2;0;0;0;38;2;180;201;0m▄[48;2;159;218;4;38;2;9;145;227m▄[48;2;219;5;157;38;2;210;2;169m▄[48;2;250;36;95;38;2;248;33;100m▄[48;2;254;67;59;38;2;254;57;70m▄[48;2;249;99;33;38;2;254;76;51m▄[48;2;251;92;38;38;2;253;50;78m▄[48;2;168;211;2;38;2;143;229;10m▄[48;2;14;235;132;38;2;33;249;99m▄[48;2;8;148;225;38;2;7;151;224m▄[48;2;50;77;254;38;2;52;75;254m▄[48;2;102;31;248;38;2;102;31;248m▄[48;2;153;6;222;38;2;154;6;222m▄[48;2;191;0;190;38;2;188;0;193m▄[48;2;220;5;155;38;2;219;4;158m▄[48;2;238;17;126;38;2;236;15;131m▄[48;2;247;29;105;38;2;244;25;112m▄[48;2;249;34;98;38;2;246;28;108m▄[48;2;250;37;94;38;2;246;28;107m▄[48;2;220;5;157;38;2;195;0;187m▄[48;2;4;159;218;38;2;0;0;0m▄[48;2;5;220;156;38;2;249;99;33m▄[48;2;34;249;98;38;2;0;0;0m▄[48;2;238;125;17;38;2;121;240;20m▄[48;2;0;196;186;38;2;0;194;188m▄[48;2;7;148;225;38;2;12;138;232m▄[48;2;17;126;238;38;2;25;112;244m▄[48;2;19;122;240;38;2;30;104;247m▄[48;2;3;164;214;38;2;21;119;241m▄[48;2;14;234;133;38;2;0;179;202m▄[48;2;225;7;149;38;2;0;0;0m▄[48;2;54;254;73;38;2;151;7;223m▄[48;2;0;0;0;38;2;115;23;243m▄[48;2;2;211;167;38;2;13;134;234m▄[48;2;0;0;0;38;2;6;152;223m▄[48;2;15;236;130;38;2;215;163;3m▄[48;2;250;36;94;38;2;0;0;0m▄[48;2;251;41;89;38;2;8;227;146m▄[48;2;4;217;161;38;2;19;122;240m▄[48;2;153;6;222;38;2;183;0;198m▄[48;2;226;8;147;38;2;230;10;141m▄[48;2;238;17;125;38;2;241;20;120m▄[48;2;244;25;112;38;2;246;28;106m▄[48;2;247;29;105;38;2;248;32;100m▄[48;2;249;35;97;38;2;251;38;92m▄[48;2;251;39;92;38;2;252;42;88m▄[48;2;251;40;89;38;2;252;43;86m▄[48;2;251;40;89;38;2;252;43;86m▄[48;2;251;38;92;38;2;252;41;88m▄[48;2;249;35;97;38;2;250;38;93m▄[48;2;247;30;104;38;2;248;32;101m▄[48;2;242;21;118;38;2;243;24;114m▄[48;2;236;15;131;38;2;238;17;126m▄[48;2;226;8;147;38;2;229;10;142m▄[48;2;215;3;164;38;2;217;4;161m▄[48;2;192;0;190;38;2;193;0;188m▄[48;2;166;2;212;38;2;166;2;213m▄[48;2;127;16;237;38;2;112;25;244m▄[48;2;12;136;233;38;2;183;198;0m▄[48;2;7;224;150;38;2;67;254;60m▄[48;2;214;164;3;38;2;0;0;0m▄[48;2;0;0;0;38;2;0;185;196m▄[48;2;66;254;61;38;2;254;57;70m▄[48;2;0;0;0;38;2;0;0;0m▄[48;2;0;0;0;38;2;254;63;63m▄[48;2;227;145;9;38;2;191;191;0m▄[48;2;0;0;0;38;2;0;0;0m▄[48;2;0;0;0;38;2;0;0;0m▄[48;2;0;0;0;38;2;0;0;0m▄[48;2;0;0;0;38;2;0;0;0m▄[48;2;0;0;0;38;2;0;0;0m▄[48;2;0;0;0;38;2;0;0;0m▄[48;2;0;0;0;38;2;0;0;0m▄[48;2;0;0;0;38;2;0;0;0m▄[48;2;0;0;0;38;2;0;0;0m▄[48;2;0;0;0;38;2;0;0;0m▄[48;2;0;0;0;38;2;0;0;0m▄[48;2;241;119;21;38;2;251;40;90m▄[48;2;0;0;0;38;2;0;0;0m▄[48;2;224;7;150;38;2;0;187;195m▄[0m
[48;2;0;196;186;38;2;0;0;0m▄[48;2;57;70;254;38;2;80;48;253m▄[48;2;208;1;172;38;2;205;1;175m▄[48;2;246;28;107;38;2;240;19;122m▄[48;2;253;46;82;38;2;249;34;97m▄[48;2;251;40;89;38;2;238;17;126m▄[48;2;0;188;193;38;2;249;33;100m▄[48;2;0;0;0;38;2;0;0;0m▄[48;2;114;243;23;38;2;146;8;226m▄[48;2;4;159;218;38;2;1;176;204m▄[48;2;53;74;254;38;2;51;77;254m▄[48;2;101;32;248;38;2;98;34;249m▄[48;2;153;6;222;38;2;151;6;223m▄[48;2;184;0;197;38;2;179;0;201m▄[48;2;214;3;164;38;2;210;2;170m▄[48;2;233;13;136;38;2;230;10;141m▄[48;2;242;21;118;38;2;238;18;125m▄[48;2;245;26;111;38;2;241;20;120m▄[48;2;240;20;121;38;2;234;13;134m▄[48;2;191;0;191;38;2;189;0;193m▄[48;2;229;143;10;38;2;0;182;199m▄[48;2;140;230;11;38;2;69;254;58m▄[48;2;251;92;38;38;2;0;0;0m▄[48;2;135;233;13;38;2;23;116;243m▄[48;2;0;194;187;38;2;0;197;185m▄[48;2;16;128;237;38;2;20;120;241m▄[48;2;33;100;248;38;2;40;90;251m▄[48;2;44;84;252;38;2;54;73;254m▄[48;2;42;87;252;38;2;54;73;254m▄[48;2;8;147;226;38;2;23;116;243m▄[48;2;0;0;0;38;2;206;1;174m▄[48;2;172;207;1;38;2;0;0;0m▄[48;2;232;12;137;38;2;244;111;25m▄[48;2;219;5;157;38;2;12;136;232m▄[48;2;50;77;254;38;2;16;127;237m▄[48;2;239;123;19;38;2;139;231;11m▄[48;2;0;0;0;38;2;0;0;0m▄[48;2;0;0;0;38;2;0;0;0m▄[48;2;65;62;254;38;2;110;26;245m▄[48;2;196;0;185;38;2;206;1;174m▄[48;2;233;13;135;38;2;237;16;129m▄[48;2;243;24;114;38;2;245;27;109m▄[48;2;246;28;107;38;2;248;31;102m▄[48;2;250;36;95;38;2;251;39;91m▄[48;2;252;41;88;38;2;252;45;84m▄[48;2;253;45;84;38;2;253;48;80m▄[48;2;253;46;82;38;2;253;49;78m▄[48;2;253;46;82;38;2;253;49;79m▄[48;2;252;44;85;38;2;253;47;81m▄[48;2;251;40;90;38;2;252;43;86m▄[48;2;249;35;97;38;2;250;37;94m▄[48;2;246;27;108;38;2;247;29;105m▄[48;2;240;19;122;38;2;242;21;118m▄[48;2;231;11;138;38;2;233;13;135m▄[48;2;218;4;159;38;2;220;5;155m▄[48;2;195;0;187;38;2;196;0;185m▄[48;2;165;3;213;38;2;164;3;215m▄[48;2;107;28;246;38;2;100;33;248m▄[48;2;0;0;0;38;2;190;191;0m▄[48;2;165;3;214;38;2;0;0;0m▄[48;2;1;174;206;38;2;18;124;239m▄[48;2;181;200;0;38;2;1;171;209m▄[48;2;0;0;0;38;2;0;0;0m▄[48;2;0;0;0;38;2;0;0;0m▄[48;2;0;0;0;38;2;0;0;0m▄[48;2;0;0;0;38;2;0;0;0m▄[48;2;0;0;0;38;2;0;0;0m▄[48;2;0;0;0;38;2;0;0;0m▄[48;2;0;0;0;38;2;0;0;0m▄[48;2;0;0;0;38;2;0;0;0m▄[48;2;0;0;0;38;2;0;0;0m▄[48;2;0;0;0;38;2;0;0;0m▄[48;2;0;0;0;38;2;0;0;0m▄[48;2;0;0;0;38;2;0;0;0m▄[48;2;0;0;0;38;2;0;0;0m▄[48;2;0;0;0;38;2;0;0;0m▄[48;2;0;0;0;38;2;0;0;0m▄[48;2;205;1;175;38;2;27;109;245m▄[48;2;0;0;0;38;2;0;0;0m▄[48;2;0;0;0;38;2;0;0;0m▄[0m
[48;2;0;0;0;38;2;80;48;253m▄[48;2;104;30;247;38;2;118;22;242m▄[48;2;202;0;179;38;2;198;0;183m▄[48;2;235;14;132;38;2;228;9;143m▄[48;2;245;26;109;38;2;238;18;125m▄[48;2;223;6;152;38;2;197;0;184m▄[48;2;233;13;134;38;2;133;14;234m▄[48;2;0;0;0;38;2;248;100;32m▄[48;2;0;0;0;38;2;92;251;39m▄[48;2;0;203;177;38;2;39;251;91m▄[48;2;47;81;253;38;2;40;89;251m▄[48;2;94;37;250;38;2;88;42;252m▄[48;2;149;7;225;38;2;145;9;227m▄[48;2;182;0;199;38;2;177;0;204m▄[48;2;205;1;176;38;2;199;0;182m▄[48;2;227;8;146;38;2;223;6;152m▄[48;2;235;14;132;38;2;231;11;139m▄[48;2;237;16;129;38;2;232;12;138m▄[48;2;227;8;146;38;2;219;5;157m▄[48;2;185;0;196;38;2;179;0;201m▄[48;2;220;5;156;38;2;10;141;230m▄[48;2;21;241;119;38;2;5;221;155m▄[48;2;0;0;0;38;2;43;252;86m▄[48;2;0;0;0;38;2;0;0;0m▄[48;2;0;201;180;38;2;0;204;177m▄[48;2;24;113;244;38;2;28;106;246m▄[48;2;45;84;252;38;2;52;75;254m▄[48;2;63;63;254;38;2;73;54;254m▄[48;2;67;60;254;38;2;79;49;253m▄[48;2;42;87;252;38;2;60;67;254m▄[48;2;11;231;139;38;2;2;167;212m▄[48;2;254;69;58;38;2;2;167;212m▄[48;2;229;142;10;38;2;26;245;111m▄[48;2;0;0;0;38;2;0;0;0m▄[48;2;192;0;189;38;2;0;0;0m▄[48;2;38;251;92;38;2;0;197;184m▄[48;2;0;0;0;38;2;0;0;0m▄[48;2;0;0;0;38;2;251;38;92m▄[48;2;143;9;228;38;2;158;4;219m▄[48;2;218;4;159;38;2;223;6;152m▄[48;2;239;19;123;38;2;242;22;117m▄[48;2;247;30;104;38;2;246;29;106m▄[48;2;250;35;96;38;2;251;39;91m▄[48;2;252;43;86;38;2;253;46;82m▄[48;2;253;48;80;38;2;254;51;76m▄[48;2;254;51;76;38;2;254;54;73m▄[48;2;254;52;75;38;2;254;55;72m▄[48;2;254;52;76;38;2;254;55;72m▄[48;2;253;49;78;38;2;254;52;75m▄[48;2;253;45;83;38;2;253;48;80m▄[48;2;251;39;91;38;2;252;42;87m▄[48;2;248;32;101;38;2;249;34;98m▄[48;2;243;23;114;38;2;245;26;111m▄[48;2;235;15;131;38;2;237;16;127m▄[48;2;223;6;152;38;2;225;7;149m▄[48;2;197;0;184;38;2;198;0;183m▄[48;2;161;4;217;38;2;156;5;220m▄[48;2;91;39;251;38;2;79;49;253m▄[48;2;42;252;88;38;2;0;0;0m▄[48;2;0;0;0;38;2;0;0;0m▄[48;2;0;0;0;38;2;0;0;0m▄[48;2;0;0;0;38;2;103;247;31m▄[48;2;0;0;0;38;2;2;167;212m▄[48;2;0;0;0;38;2;0;0;0m▄[48;2;0;0;0;38;2;0;0;0m▄[48;2;0;0;0;38;2;0;0;0m▄[48;2;0;0;0;38;2;0;0;0m▄[48;2;0;0;0;38;2;0;0;0m▄[48;2;0;0;0;38;2;0;0;0m▄[48;2;0;0;0;38;2;0;0;0m▄[48;2;0;0;0;38;2;0;0;0m▄[48;2;0;0;0;38;2;0;0;0m▄[48;2;0;0;0;38;2;0;0;0m▄[48;2;0;0;0;38;2;0;0;0m▄[48;2;0;0;0;38;2;0;0;0m▄[48;2;0;0;0;38;2;0;0;0m▄[48;2;0;0;0;38;2;0;0;0m▄[48;2;0;0;0;38;2;0;0;0m▄[48;2;0;0;0;38;2;0;0;0m▄[48;2;0;0;0;38;2;0;0;0m▄[0m
[48;2;17;127;237;38;2;38;93;251m▄[48;2;128;16;237;38;2;127;17;238m▄[48;2;193;0;188;38;2;188;0;193m▄[48;2;220;5;156;38;2;218;4;159m▄[48;2;230;10;141;38;2;219;5;157m▄[48;2;181;0;200;38;2;179;0;202m▄[48;2;0;0;0;38;2;4;217;160m▄[48;2;124;239;18;38;2;50;254;77m▄[48;2;0;0;0;38;2;251;41;89m▄[48;2;5;156;220;38;2;0;0;0m▄[48;2;25;112;244;38;2;13;134;234m▄[48;2;80;48;253;38;2;69;58;254m▄[48;2;140;11;230;38;2;134;13;233m▄[48;2;171;1;209;38;2;164;3;214m▄[48;2;193;0;189;38;2;185;0;196m▄[48;2;219;5;157;38;2;205;1;175m▄[48;2;226;8;146;38;2;222;6;154m▄[48;2;226;8;147;38;2;220;5;156m▄[48;2;214;3;164;38;2;206;1;174m▄[48;2;170;2;210;38;2;165;3;214m▄[48;2;51;77;254;38;2;70;57;254m▄[48;2;0;196;185;38;2;1;176;204m▄[48;2;0;0;0;38;2;0;0;0m▄[48;2;0;0;0;38;2;23;243;116m▄[48;2;0;201;180;38;2;0;195;187m▄[48;2;32;101;248;38;2;35;96;249m▄[48;2;60;67;254;38;2;67;59;254m▄[48;2;82;46;253;38;2;88;42;252m▄[48;2;85;44;252;38;2;99;34;249m▄[48;2;82;46;253;38;2;101;32;248m▄[48;2;52;75;254;38;2;93;38;251m▄[48;2;48;79;253;38;2;76;51;254m▄[48;2;14;234;133;38;2;0;0;0m▄[48;2;0;0;0;38;2;10;229;142m▄[48;2;0;0;0;38;2;219;4;158m▄[48;2;17;127;237;38;2;54;73;254m▄[48;2;213;2;166;38;2;0;0;0m▄[48;2;248;100;33;38;2;133;14;234m▄[48;2;170;2;210;38;2;186;0;195m▄[48;2;228;9;144;38;2;233;12;136m▄[48;2;245;25;111;38;2;247;29;105m▄[48;2;249;33;100;38;2;250;37;94m▄[48;2;252;43;86;38;2;253;46;82m▄[48;2;253;50;78;38;2;254;53;74m▄[48;2;254;55;72;38;2;254;58;69m▄[48;2;254;57;69;38;2;254;61;66m▄[48;2;254;58;68;38;2;254;61;65m▄[48;2;254;58;69;38;2;254;61;66m▄[48;2;254;55;72;38;2;254;58;69m▄[48;2;254;51;77;38;2;254;54;74m▄[48;2;252;44;84;38;2;253;47;81m▄[48;2;250;36;95;38;2;251;38;92m▄[48;2;246;28;107;38;2;246;28;108m▄[48;2;239;18;124;38;2;240;20;121m▄[48;2;227;8;146;38;2;229;9;143m▄[48;2;199;0;182;38;2;199;0;182m▄[48;2;149;7;225;38;2;139;11;231m▄[48;2;75;52;254;38;2;58;68;254m▄[48;2;125;238;18;38;2;0;0;0m▄[48;2;0;0;0;38;2;0;0;0m▄[48;2;72;254;55;38;2;28;246;108m▄[48;2;0;0;0;38;2;0;0;0m▄[48;2;45;253;83;38;2;0;0;0m▄[48;2;0;0;0;38;2;0;0;0m▄[48;2;0;0;0;38;2;0;0;0m▄[48;2;0;0;0;38;2;0;0;0m▄[48;2;0;0;0;38;2;0;0;0m▄[48;2;0;0;0;38;2;0;0;0m▄[48;2;0;0;0;38;2;0;0;0m▄[48;2;0;0;0;38;2;0;0;0m▄[48;2;0;0;0;38;2;0;0;0m▄[48;2;0;0;0;38;2;0;0;0m▄[48;2;0;0;0;38;2;0;0;0m▄[48;2;0;0;0;38;2;0;0;0m▄[48;2;0;0;0;38;2;0;0;0m▄[48;2;0;0;0;38;2;0;0;0m▄[48;2;0;0;0;38;2;0;0;0m▄[48;2;238;17;127;38;2;232;12;138m▄[48;2;0;0;0;38;2;0;0;0m▄[48;2;0;0;0;38;2;0;0;0m▄[0m
[48;2;44;85;252;38;2;45;84;253m▄[48;2;126;17;238;38;2;123;18;239m▄[48;2;183;0;199;38;2;177;0;204m▄[48;2;211;2;168;38;2;203;0;178m▄[48;2;213;3;165;38;2;203;0;177m▄[48;2;172;1;208;38;2;163;3;215m▄[48;2;37;94;250;38;2;56;71;254m▄[48;2;14;234;133;38;2;11;231;139m▄[48;2;0;0;0;38;2;6;152;223m▄[48;2;0;0;0;38;2;157;5;219m▄[48;2;6;153;222;38;2;0;184;197m▄[48;2;51;77;254;38;2;31;103;248m▄[48;2;128;16;237;38;2;105;29;247m▄[48;2;156;5;220;38;2;146;8;227m▄[48;2;176;1;204;38;2;167;2;212m▄[48;2;197;0;184;38;2;188;0;193m▄[48;2;208;1;172;38;2;199;0;182m▄[48;2;209;1;171;38;2;199;0;182m▄[48;2;196;0;185;38;2;185;0;197m▄[48;2;159;4;218;38;2;152;6;223m▄[48;2;77;50;254;38;2;77;50;254m▄[48;2;1;175;205;38;2;0;191;191m▄[48;2;73;54;254;38;2;0;202;179m▄[48;2;242;22;116;38;2;0;0;0m▄[48;2;0;192;189;38;2;0;198;183m▄[48;2;38;93;251;38;2;38;93;250m▄[48;2;74;53;254;38;2;84;44;252m▄[48;2;97;34;249;38;2;107;28;246m▄[48;2;111;26;245;38;2;122;19;240m▄[48;2;117;22;242;38;2;136;12;233m▄[48;2;114;23;243;38;2;139;11;231m▄[48;2;97;34;249;38;2;122;19;240m▄[48;2;0;0;0;38;2;36;96;250m▄[48;2;0;196;186;38;2;30;104;247m▄[48;2;78;49;253;38;2;136;12;233m▄[48;2;97;35;249;38;2;128;16;237m▄[48;2;0;0;0;38;2;0;0;0m▄[48;2;96;35;250;38;2;0;0;0m▄[48;2;198;0;183;38;2;208;1;172m▄[48;2;237;16;128;38;2;241;20;120m▄[48;2;247;29;105;38;2;249;34;98m▄[48;2;252;41;88;38;2;253;45;83m▄[48;2;254;50;77;38;2;254;54;73m▄[48;2;254;57;70;38;2;254;60;66m▄[48;2;254;61;65;38;2;254;64;62m▄[48;2;254;64;63;38;2;254;67;60m▄[48;2;254;64;62;38;2;254;68;59m▄[48;2;254;64;63;38;2;254;67;60m▄[48;2;254;61;66;38;2;254;64;63m▄[48;2;254;56;70;38;2;254;59;68m▄[48;2;253;50;78;38;2;254;52;75m▄[48;2;251;41;89;38;2;252;43;86m▄[48;2;247;30;105;38;2;248;32;101m▄[48;2;242;21;118;38;2;243;23;115m▄[48;2;230;10;140;38;2;231;11;138m▄[48;2;200;0;181;38;2;200;0;181m▄[48;2;132;14;235;38;2;110;26;245m▄[48;2;35;96;249;38;2;6;153;222m▄[48;2;241;119;21;38;2;29;247;105m▄[48;2;13;135;233;38;2;0;0;0m▄[48;2;85;44;252;38;2;0;0;0m▄[48;2;0;0;0;38;2;84;252;45m▄[48;2;0;0;0;38;2;0;0;0m▄[48;2;0;0;0;38;2;0;0;0m▄[48;2;0;0;0;38;2;0;0;0m▄[48;2;0;0;0;38;2;0;0;0m▄[48;2;0;0;0;38;2;0;0;0m▄[48;2;0;0;0;38;2;0;0;0m▄[48;2;0;0;0;38;2;0;0;0m▄[48;2;0;0;0;38;2;0;0;0m▄[48;2;0;0;0;38;2;0;0;0m▄[48;2;0;0;0;38;2;0;0;0m▄[48;2;0;0;0;38;2;0;0;0m▄[48;2;0;0;0;38;2;0;0;0m▄[48;2;0;0;0;38;2;0;0;0m▄[48;2;0;0;0;38;2;0;0;0m▄[48;2;0;0;0;38;2;0;0;0m▄[48;2;0;0;0;38;2;0;0;0m▄[48;2;0;0;0;38;2;0;0;0m▄[48;2;0;0;0;38;2;0;0;0m▄[0m
[48;2;42;87;252;38;2;42;88;252m▄[48;2;118;21;242;38;2;111;25;244m▄[48;2;164;3;214;38;2;153;6;222m▄[48;2;194;0;187;38;2;185;0;196m▄[48;2;193;0;189;38;2;182;0;199m▄[48;2;153;6;222;38;2;141;10;230m▄[48;2;63;63;254;38;2;64;63;254m▄[48;2;0;0;0;38;2;7;225;149m▄[48;2;0;0;0;38;2;0;0;0m▄[48;2;0;185;196;38;2;230;141;10m▄[48;2;30;247;104;38;2;254;70;57m▄[48;2;0;184;197;38;2;0;0;0m▄[48;2;92;39;251;38;2;71;56;254m▄[48;2;134;13;233;38;2;118;21;241m▄[48;2;153;6;222;38;2;135;13;233m▄[48;2;177;0;203;38;2;149;7;225m▄[48;2;189;0;193;38;2;176;1;204m▄[48;2;188;0;193;38;2;178;0;203m▄[48;2;180;0;201;38;2;170;2;210m▄[48;2;145;9;227;38;2;136;12;233m▄[48;2;73;54;254;38;2;63;64;254m▄[48;2;22;242;117;38;2;15;131;235m▄[48;2;1;206;174;38;2;14;234;133m▄[48;2;119;21;241;38;2;190;191;0m▄[48;2;4;219;158;38;2;58;254;69m▄[48;2;42;87;252;38;2;47;81;253m▄[48;2;91;39;251;38;2;97;35;249m▄[48;2;115;23;243;38;2;122;19;240m▄[48;2;131;15;236;38;2;139;11;231m▄[48;2;146;8;227;38;2;155;5;221m▄[48;2;151;7;224;38;2;161;3;216m▄[48;2;141;10;230;38;2;158;5;219m▄[48;2;95;36;250;38;2;133;14;234m▄[48;2;109;27;245;38;2;146;8;227m▄[48;2;161;4;217;38;2;180;0;201m▄[48;2;160;4;217;38;2;182;0;200m▄[48;2;52;75;254;38;2;156;5;220m▄[48;2;181;0;200;38;2;1;209;171m▄[48;2;218;4;159;38;2;227;8;146m▄[48;2;244;25;112;38;2;247;31;103m▄[48;2;251;39;91;38;2;252;43;86m▄[48;2;253;49;78;38;2;254;54;74m▄[48;2;254;58;69;38;2;254;61;65m▄[48;2;254;64;63;38;2;254;66;60m▄[48;2;254;64;62;38;2;254;68;59m▄[48;2;254;65;62;38;2;254;69;58m▄[48;2;254;64;63;38;2;254;68;59m▄[48;2;254;70;57;38;2;254;66;61m▄[48;2;254;67;60;38;2;254;70;57m▄[48;2;254;62;65;38;2;254;65;62m▄[48;2;254;55;72;38;2;254;58;69m▄[48;2;253;46;83;38;2;253;48;80m▄[48;2;249;34;98;38;2;250;36;95m▄[48;2;244;25;112;38;2;245;26;110m▄[48;2;233;12;136;38;2;234;13;134m▄[48;2;200;0;181;38;2;201;0;180m▄[48;2;65;61;254;38;2;70;254;56m▄[48;2;92;251;38;38;2;82;46;253m▄[48;2;0;0;0;38;2;242;22;118m▄[48;2;212;166;2;38;2;15;131;235m▄[48;2;0;0;0;38;2;0;0;0m▄[48;2;0;0;0;38;2;0;0;0m▄[48;2;0;0;0;38;2;0;0;0m▄[48;2;0;0;0;38;2;0;0;0m▄[48;2;0;0;0;38;2;0;0;0m▄[48;2;0;0;0;38;2;0;0;0m▄[48;2;0;0;0;38;2;0;0;0m▄[48;2;0;0;0;38;2;0;0;0m▄[48;2;0;0;0;38;2;0;0;0m▄[48;2;0;0;0;38;2;0;0;0m▄[48;2;0;0;0;38;2;0;0;0m▄[48;2;0;0;0;38;2;0;0;0m▄[48;2;0;0;0;38;2;0;0;0m▄[48;2;0;0;0;38;2;0;0;0m▄[48;2;0;0;0;38;2;0;0;0m▄[48;2;0;0;0;38;2;0;0;0m▄[48;2;0;0;0;38;2;0;0;0m▄[48;2;0;0;0;38;2;0;0;0m▄[48;2;0;0;0;38;2;0;0;0m▄[48;2;0;0;0;38;2;0;0;0m▄[0m
[48;2;31;102;248;38;2;16;128;237m▄[48;2;103;31;248;38;2;92;38;251m▄[48;2;139;11;231;38;2;127;17;237m▄[48;2;176;1;204;38;2;150;7;224m▄[48;2;164;3;214;38;2;148;8;225m▄[48;2;135;13;233;38;2;122;19;240m▄[48;2;59;68;254;38;2;50;78;253m▄[48;2;4;216;161;38;2;9;228;144m▄[48;2;0;0;0;38;2;0;0;0m▄[48;2;141;230;10;38;2;0;0;0m▄[48;2;0;0;0;38;2;0;0;0m▄[48;2;0;0;0;38;2;0;0;0m▄[48;2;53;74;254;38;2;41;88;252m▄[48;2;102;31;248;38;2;82;46;253m▄[48;2;123;19;240;38;2;101;32;248m▄[48;2;116;22;243;38;2;68;58;254m▄[48;2;147;8;226;38;2;119;21;241m▄[48;2;164;3;214;38;2;147;8;226m▄[48;2;158;4;219;38;2;145;9;227m▄[48;2;117;22;242;38;2;100;33;248m▄[48;2;48;80;253;38;2;28;107;246m▄[48;2;244;112;25;38;2;12;233;136m▄[48;2;43;252;85;38;2;27;246;108m▄[48;2;217;160;4;38;2;0;0;0m▄[48;2;157;219;5;38;2;0;0;0m▄[48;2;51;76;254;38;2;55;72;254m▄[48;2;103;31;248;38;2;108;28;246m▄[48;2;129;15;236;38;2;128;16;237m▄[48;2;147;8;226;38;2;154;6;221m▄[48;2;163;3;215;38;2;170;2;209m▄[48;2;171;1;209;38;2;180;0;201m▄[48;2;172;1;208;38;2;179;0;202m▄[48;2;165;3;214;38;2;187;0;194m▄[48;2;181;0;200;38;2;197;0;184m▄[48;2;193;0;189;38;2;206;1;174m▄[48;2;200;0;181;38;2;213;3;165m▄[48;2;196;0;185;38;2;214;3;164m▄[48;2;168;2;211;38;2;219;5;157m▄[48;2;236;15;131;38;2;246;27;108m▄[48;2;250;36;96;38;2;251;41;89m▄[48;2;253;48;80;38;2;254;52;75m▄[48;2;254;57;69;38;2;254;66;61m▄[48;2;254;67;60;38;2;254;70;57m▄[48;2;254;70;57;38;2;254;73;54m▄[48;2;254;72;55;38;2;254;75;52m▄[48;2;254;72;55;38;2;254;76;51m▄[48;2;254;72;55;38;2;254;75;52m▄[48;2;254;69;57;38;2;254;73;54m▄[48;2;254;66;61;38;2;254;70;57m▄[48;2;254;68;59;38;2;254;64;62m▄[48;2;254;60;66;38;2;254;63;63m▄[48;2;254;51;77;38;2;254;53;74m▄[48;2;251;38;92;38;2;251;40;89m▄[48;2;246;28;107;38;2;247;30;105m▄[48;2;234;14;133;38;2;235;15;131m▄[48;2;200;0;181;38;2;200;0;181m▄[48;2;143;229;10;38;2;69;254;57m▄[48;2;0;0;0;38;2;0;0;0m▄[48;2;103;31;247;38;2;0;0;0m▄[48;2;38;93;250;38;2;93;37;250m▄[48;2;5;155;221;38;2;6;152;223m▄[48;2;0;0;0;38;2;0;0;0m▄[48;2;0;0;0;38;2;0;0;0m▄[48;2;0;0;0;38;2;0;0;0m▄[48;2;0;0;0;38;2;0;0;0m▄[48;2;0;0;0;38;2;0;0;0m▄[48;2;0;0;0;38;2;0;0;0m▄[48;2;0;0;0;38;2;0;0;0m▄[48;2;0;0;0;38;2;0;0;0m▄[48;2;0;0;0;38;2;0;0;0m▄[48;2;0;0;0;38;2;0;0;0m▄[48;2;0;0;0;38;2;0;0;0m▄[48;2;0;0;0;38;2;0;0;0m▄[48;2;0;0;0;38;2;0;0;0m▄[48;2;0;0;0;38;2;0;0;0m▄[48;2;0;0;0;38;2;0;0;0m▄[48;2;0;0;0;38;2;0;0;0m▄[48;2;0;0;0;38;2;0;0;0m▄[48;2;0;0;0;38;2;0;0;0m▄[48;2;0;0;0;38;2;0;0;0m▄[0m
[48;2;2;169;210;38;2;118;242;21m▄[48;2;79;49;253;38;2;51;76;254m▄[48;2;108;27;246;38;2;85;44;252m▄[48;2;133;14;234;38;2;92;39;251m▄[48;2;129;15;236;38;2;105;29;247m▄[48;2;108;27;246;38;2;92;38;251m▄[48;2;38;93;250;38;2;6;154;222m▄[48;2;44;252;84;38;2;0;0;0m▄[48;2;1;176;205;38;2;17;126;238m▄[48;2;253;80;48;38;2;0;0;0m▄[48;2;0;0;0;38;2;0;0;0m▄[48;2;168;211;2;38;2;141;230;10m▄[48;2;25;111;244;38;2;11;138;231m▄[48;2;71;56;254;38;2;52;75;254m▄[48;2;68;59;254;38;2;38;93;250m▄[48;2;3;164;214;38;2;232;137;12m▄[48;2;84;45;252;38;2;47;81;253m▄[48;2;133;14;234;38;2;113;24;244m▄[48;2;130;15;236;38;2;105;29;247m▄[48;2;79;49;253;38;2;30;104;247m▄[48;2;6;152;223;38;2;13;234;134m▄[48;2;0;0;0;38;2;168;211;2m▄[48;2;187;194;0;38;2;0;0;0m▄[48;2;0;0;0;38;2;254;74;53m▄[48;2;51;254;77;38;2;34;249;98m▄[48;2;58;68;254;38;2;62;65;254m▄[48;2;112;25;244;38;2;116;22;242m▄[48;2;135;13;233;38;2;142;10;229m▄[48;2;161;4;217;38;2;167;2;212m▄[48;2;177;0;204;38;2;178;0;203m▄[48;2;181;0;200;38;2;190;0;192m▄[48;2;190;0;191;38;2;199;0;182m▄[48;2;199;0;182;38;2;208;1;171m▄[48;2;208;1;171;38;2;223;6;152m▄[48;2;220;5;156;38;2;227;8;146m▄[48;2;221;5;155;38;2;229;10;142m▄[48;2;222;6;153;38;2;233;12;136m▄[48;2;233;12;136;38;2;241;20;120m▄[48;2;249;33;99;38;2;251;38;92m▄[48;2;253;46;83;38;2;254;50;77m▄[48;2;254;64;63;38;2;254;67;59m▄[48;2;254;69;57;38;2;254;73;54m▄[48;2;254;74;53;38;2;254;77;50m▄[48;2;254;77;51;38;2;253;80;48m▄[48;2;253;79;49;38;2;253;82;46m▄[48;2;253;79;48;38;2;253;83;45m▄[48;2;253;79;49;38;2;253;82;46m▄[48;2;254;77;51;38;2;253;80;48m▄[48;2;254;73;54;38;2;254;77;51m▄[48;2;254;68;59;38;2;254;72;55m▄[48;2;254;66;60;38;2;254;65;62m▄[48;2;254;56;71;38;2;254;59;68m▄[48;2;252;43;86;38;2;253;45;83m▄[48;2;248;31;102;38;2;246;28;108m▄[48;2;236;15;130;38;2;236;15;129m▄[48;2;200;0;181;38;2;199;0;182m▄[48;2;50;77;254;38;2;75;52;254m▄[48;2;0;0;0;38;2;0;0;0m▄[48;2;0;0;0;38;2;15;129;236m▄[48;2;0;0;0;38;2;0;0;0m▄[48;2;0;0;0;38;2;0;0;0m▄[48;2;0;0;0;38;2;0;0;0m▄[48;2;0;0;0;38;2;0;0;0m▄[48;2;0;0;0;38;2;0;0;0m▄[48;2;0;0;0;38;2;0;0;0m▄[48;2;0;0;0;38;2;0;0;0m▄[48;2;0;0;0;38;2;0;0;0m▄[48;2;0;0;0;38;2;0;0;0m▄[48;2;0;0;0;38;2;0;0;0m▄[48;2;0;0;0;38;2;0;0;0m▄[48;2;0;0;0;38;2;0;0;0m▄[48;2;0;0;0;38;2;0;0;0m▄[48;2;0;0;0;38;2;0;0;0m▄[48;2;0;0;0;38;2;0;0;0m▄[48;2;0;0;0;38;2;0;0;0m▄[48;2;0;0;0;38;2;0;0;0m▄[48;2;0;0;0;38;2;0;0;0m▄[48;2;0;0;0;38;2;0;0;0m▄[48;2;0;0;0;38;2;0;0;0m▄[48;2;0;0;0;38;2;0;0;0m▄[0m
[48;2;67;60;254;38;2;0;0;0m▄[48;2;31;102;248;38;2;14;133;234m▄[48;2;66;61;254;38;2;38;92;251m▄[48;2;23;115;243;38;2;209;170;2m▄[48;2;82;46;253;38;2;54;73;254m▄[48;2;71;56;254;38;2;50;78;253m▄[48;2;0;182;199;38;2;0;201;180m▄[48;2;0;0;0;38;2;0;0;0m▄[48;2;0;179;202;38;2;191;191;0m▄[48;2;0;0;0;38;2;0;0;0m▄[48;2;0;0;0;38;2;0;0;0m▄[48;2;0;0;0;38;2;0;0;0m▄[48;2;1;172;207;38;2;22;242;116m▄[48;2;24;114;243;38;2;0;186;196m▄[48;2;12;137;232;38;2;0;192;189m▄[48;2;0;0;0;38;2;249;100;33m▄[48;2;5;155;221;38;2;127;238;17m▄[48;2;91;39;251;38;2;63;63;254m▄[48;2;82;46;253;38;2;69;58;254m▄[48;2;5;156;220;38;2;0;190;192m▄[48;2;50;253;78;38;2;0;0;0m▄[48;2;23;243;115;38;2;72;55;254m▄[48;2;35;250;96;38;2;0;0;0m▄[48;2;0;0;0;38;2;2;170;210m▄[48;2;0;202;178;38;2;0;191;191m▄[48;2;64;62;254;38;2;66;60;254m▄[48;2;120;20;241;38;2;123;19;239m▄[48;2;148;8;226;38;2;153;6;222m▄[48;2;172;1;208;38;2;177;0;203m▄[48;2;185;0;196;38;2;191;0;190m▄[48;2;197;0;184;38;2;203;0;177m▄[48;2;207;1;173;38;2;213;3;165m▄[48;2;221;5;155;38;2;225;7;148m▄[48;2;228;9;144;38;2;232;12;137m▄[48;2;232;12;137;38;2;237;16;129m▄[48;2;236;15;131;38;2;240;20;121m▄[48;2;240;19;123;38;2;244;25;112m▄[48;2;248;31;102;38;2;250;36;95m▄[48;2;252;43;86;38;2;253;48;80m▄[48;2;254;64;63;38;2;254;67;59m▄[48;2;254;71;56;38;2;254;74;53m▄[48;2;254;76;51;38;2;253;80;48m▄[48;2;253;81;47;38;2;252;84;45m▄[48;2;252;84;45;38;2;252;87;42m▄[48;2;252;86;43;38;2;251;89;41m▄[48;2;252;86;43;38;2;251;90;40m▄[48;2;252;86;43;38;2;251;89;40m▄[48;2;252;84;45;38;2;252;87;42m▄[48;2;253;80;48;38;2;252;84;45m▄[48;2;254;75;52;38;2;253;79;49m▄[48;2;254;68;58;38;2;254;72;55m▄[48;2;254;62;65;38;2;254;64;62m▄[48;2;253;48;80;38;2;254;50;77m▄[48;2;247;30;105;38;2;248;32;101m▄[48;2;237;16;129;38;2;237;16;129m▄[48;2;198;0;184;38;2;196;0;185m▄[48;2;73;54;254;38;2;46;82;253m▄[48;2;0;0;0;38;2;53;74;254m▄[48;2;0;0;0;38;2;15;236;130m▄[48;2;0;0;0;38;2;242;118;21m▄[48;2;126;238;17;38;2;0;0;0m▄[48;2;0;0;0;38;2;0;0;0m▄[48;2;0;0;0;38;2;0;0;0m▄[48;2;0;0;0;38;2;0;0;0m▄[48;2;0;0;0;38;2;0;0;0m▄[48;2;0;0;0;38;2;0;0;0m▄[48;2;0;0;0;38;2;0;0;0m▄[48;2;0;0;0;38;2;0;0;0m▄[48;2;0;0;0;38;2;0;0;0m▄[48;2;0;0;0;38;2;0;0;0m▄[48;2;0;0;0;38;2;0;0;0m▄[48;2;0;0;0;38;2;0;0;0m▄[48;2;0;0;0;38;2;0;0;0m▄[48;2;0;0;0;38;2;0;0;0m▄[48;2;0;0;0;38;2;0;0;0m▄[48;2;0;0;0;38;2;0;0;0m▄[48;2;0;0;0;38;2;0;0;0m▄[48;2;0;0;0;38;2;0;0;0m▄[48;2;0;0;0;38;2;0;0;0m▄[48;2;0;0;0;38;2;0;0;0m▄[0m
center (-0.7269, 0.1889) zoom 0.006
Commands are:
	center_x <optional-f64>
	center_y <optional-f64>
	zoom <optional-f64>
	left f64
	right f64
	up f64
	down f64
	in f64
	out f64
	exit

> 